# nAgeSeries
4
# ageIndex
1 2 3 4
# minAge
2 2 2 5
# maxAge
12 11 11 11
# ageFirstYear
1 22 54 46
# ageLastYear
69 69 69 68

## Commercial fishery proportions at age (firstAge,plusGroupAge,1,nT).
# paaComFish
0.000000	0.000000	0.000000	0.000000	0.000000	0.000000	0.000000	0.000000	0.000000	0.000000	0.000000	0.000000	0.000000	0.000000	0.000000	0.000000	0.000000	0.000000	0.000000	0.000000	0.000000	0.000000	0.001133	0.001230	0.000000	0.000000	0.000040	0.000000	0.000000	0.000000	0.000000	0.000000	0.000513	0.000008	0.000244	0.000000	0.000035	0.000060	0.000000	0.000181	0.000069	0.000288	0.000032	0.000000	0.004879	0.000000	0.006375	0.015818	0.019704	0.004219	0.002978	0.000752	0.002410	0.018860	0.002189	0.000120	0.000375	0.000260	0.000819	0.011192	0.006414	0.004518	0.001953	0.006035	0.004815	0.001149	0.001198	0.004728	0.006647
0.009794	0.009822	0.010143	0.009825	0.009836	0.009828	0.009902	0.009826	0.009811	0.009822	0.001978	0.000025	0.000548	0.005229	0.002465	0.010656	0.043089	0.027322	0.010821	0.011441	0.000651	0.000203	0.055393	0.036401	0.095100	0.057079	0.019790	0.037215	0.017907	0.003773	0.006740	0.001902	0.011527	0.000885	0.000784	0.003414	0.002385	0.001581	0.002223	0.001347	0.010676	0.006329	0.012463	0.012176	0.027007	0.073482	0.046023	0.024004	0.038616	0.011709	0.009467	0.006389	0.007469	0.023689	0.005481	0.003585	0.001166	0.005171	0.002541	0.041285	0.011726	0.020808	0.014190	0.010966	0.025128	0.010156	0.013204	0.010900	0.013328
0.041214	0.047116	0.054625	0.070846	0.070861	0.070857	0.059310	0.064922	0.064777	0.064900	0.104632	0.081623	0.058963	0.043535	0.023913	0.126398	0.202934	0.275878	0.284129	0.172702	0.085034	0.071177	0.387646	0.185422	0.171581	0.324555	0.159447	0.280099	0.327974	0.130978	0.043869	0.074318	0.036071	0.024159	0.034457	0.030454	0.062182	0.020330	0.034553	0.031446	0.058779	0.114593	0.087961	0.060188	0.056092	0.141640	0.094406	0.047120	0.045236	0.055476	0.028942	0.028554	0.019589	0.035582	0.013106	0.022560	0.047818	0.011516	0.026280	0.054018	0.044577	0.044329	0.054397	0.026589	0.059966	0.106016	0.059903	0.056159	0.013501
0.088259	0.107968	0.101168	0.187007	0.186988	0.187000	0.168204	0.167205	0.166877	0.167199	0.236931	0.343907	0.373213	0.089244	0.165861	0.141187	0.307464	0.214793	0.282244	0.438403	0.375003	0.246592	0.209409	0.384089	0.159920	0.252541	0.389404	0.333126	0.356076	0.405654	0.335275	0.143240	0.237455	0.132929	0.109981	0.201081	0.145460	0.146199	0.104982	0.115032	0.148440	0.229518	0.320185	0.207673	0.101797	0.154420	0.152230	0.106686	0.116400	0.100637	0.093048	0.092035	0.105740	0.086903	0.046496	0.085528	0.171137	0.037007	0.093638	0.059345	0.139659	0.117158	0.089257	0.080396	0.114382	0.184107	0.121881	0.124832	0.063612
0.153023	0.156045	0.163981	0.168326	0.168294	0.168315	0.166229	0.165234	0.166857	0.165235	0.330089	0.234072	0.064756	0.328535	0.144537	0.213388	0.129584	0.179001	0.163147	0.124943	0.298685	0.314073	0.116153	0.141073	0.307893	0.092522	0.271718	0.187486	0.150181	0.286810	0.323120	0.371569	0.193596	0.255369	0.193577	0.334836	0.414635	0.214379	0.225527	0.235147	0.209828	0.212145	0.253671	0.269699	0.219176	0.138445	0.171111	0.161808	0.181495	0.149144	0.184473	0.238427	0.168091	0.128174	0.128599	0.176094	0.241062	0.224112	0.131563	0.154239	0.125961	0.168741	0.221771	0.102028	0.187448	0.215070	0.240604	0.199985	0.165121
0.156929	0.157079	0.161921	0.157499	0.157479	0.157456	0.158303	0.157379	0.157066	0.157358	0.188426	0.205366	0.269788	0.302307	0.296766	0.102905	0.098461	0.118657	0.101784	0.088031	0.105047	0.200610	0.131748	0.098552	0.098564	0.120096	0.066537	0.100124	0.087606	0.089451	0.223662	0.254571	0.279022	0.251409	0.237334	0.162745	0.170782	0.374052	0.181720	0.203207	0.201801	0.186252	0.135383	0.217321	0.291888	0.237487	0.149870	0.154695	0.185357	0.216329	0.143359	0.232491	0.270548	0.154174	0.211289	0.190421	0.201577	0.285826	0.336936	0.156692	0.233540	0.176832	0.282835	0.140024	0.116964	0.191921	0.206572	0.220701	0.284373
0.141248	0.138395	0.139627	0.126955	0.126991	0.126972	0.130598	0.129817	0.129573	0.129819	0.045788	0.065738	0.147064	0.131037	0.228306	0.195752	0.052956	0.067721	0.044539	0.074735	0.047714	0.079044	0.061875	0.074179	0.058910	0.048046	0.048968	0.022589	0.036206	0.043948	0.034775	0.120337	0.170520	0.161049	0.181534	0.118889	0.071353	0.138513	0.243395	0.138759	0.138060	0.104789	0.088370	0.114634	0.162045	0.142705	0.205333	0.160030	0.139018	0.169773	0.222342	0.133622	0.218000	0.188392	0.254925	0.191881	0.089149	0.216441	0.231289	0.250125	0.132300	0.210851	0.113715	0.231548	0.130782	0.069910	0.186196	0.170711	0.224604
0.188349	0.174655	0.165936	0.120071	0.120067	0.120086	0.134549	0.133758	0.133490	0.133767	0.020969	0.019195	0.050735	0.065211	0.092693	0.127087	0.065065	0.015886	0.026284	0.032084	0.036168	0.042421	0.016588	0.049303	0.056304	0.040761	0.018621	0.016038	0.007973	0.022051	0.018461	0.017721	0.056365	0.113298	0.135138	0.077549	0.053327	0.044452	0.136470	0.144676	0.088336	0.070221	0.052695	0.051229	0.073751	0.063898	0.108567	0.184923	0.113642	0.124891	0.111171	0.121161	0.078931	0.168185	0.175698	0.163509	0.106038	0.089588	0.093048	0.108632	0.164083	0.142491	0.107017	0.160063	0.221747	0.081514	0.059928	0.130972	0.143881
0.123585	0.116830	0.113371	0.089560	0.089555	0.089541	0.096967	0.096398	0.096186	0.096387	0.047792	0.012500	0.020191	0.020178	0.027931	0.042370	0.054365	0.039852	0.015149	0.027466	0.018209	0.017633	0.009531	0.014756	0.033490	0.029177	0.011102	0.010278	0.008104	0.007520	0.009231	0.008986	0.009880	0.056196	0.076725	0.044422	0.041595	0.033270	0.036416	0.098076	0.091816	0.038817	0.023289	0.031013	0.029085	0.025559	0.040123	0.096907	0.102608	0.070251	0.104679	0.060411	0.073957	0.055549	0.110446	0.096005	0.080652	0.062475	0.039949	0.093239	0.091734	0.068535	0.065457	0.129310	0.052381	0.095810	0.045194	0.037383	0.064004
0.051008	0.047116	0.044535	0.031480	0.031491	0.031485	0.035606	0.035390	0.035345	0.035415	0.010234	0.018306	0.005245	0.008039	0.008554	0.023057	0.024939	0.035168	0.031380	0.007418	0.014252	0.004408	0.006482	0.008954	0.008261	0.024770	0.005765	0.006438	0.003594	0.006449	0.003267	0.003940	0.003160	0.002928	0.024609	0.018943	0.020990	0.013830	0.019430	0.018777	0.040847	0.021135	0.013052	0.017000	0.019736	0.013845	0.012981	0.033784	0.040271	0.064397	0.050311	0.047684	0.028121	0.064199	0.022477	0.055001	0.035714	0.032974	0.022077	0.026320	0.031107	0.027508	0.028518	0.039639	0.053263	0.021723	0.043509	0.026346	0.005020
0.046592	0.044975	0.044693	0.038431	0.038439	0.038462	0.040332	0.040070	0.040018	0.040097	0.013161	0.019269	0.009496	0.006685	0.008973	0.017201	0.021142	0.025722	0.040525	0.022777	0.019236	0.023839	0.004043	0.006040	0.009977	0.010454	0.008609	0.006607	0.004379	0.003365	0.001599	0.003416	0.001891	0.001769	0.005617	0.007667	0.017255	0.013336	0.015284	0.013352	0.011348	0.015912	0.012899	0.019067	0.014542	0.008520	0.012981	0.014225	0.017653	0.033174	0.049229	0.038473	0.027143	0.076294	0.029294	0.015296	0.025312	0.034630	0.021861	0.044912	0.018897	0.018230	0.020889	0.073403	0.033125	0.022624	0.021809	0.017282	0.015909

## DFO survey proportions at age (firstAge,plusGroupAge,1,nT).
# paaRV
-1	-1	-1	-1	-1	-1	-1	-1	-1	-1	-1	-1	-1	-1	-1	-1	-1	-1	-1	-1	-1	0.018976	0.072403	0.137639	0.078631	0.218195	0.137921	0.333293	0.068314	0.169594	0.039424	0.083596	0.177927	0.119856	0.071271	0.058902	0.109481	0.077942	0.064320	0.134212	0.053156	0.071953	0.089924	0.100817	0.033968	0.074166	0.034707	0.098062	0.108501	0.102511	0.051539	0.049085	0.037019	-1	0.174591	0.031577	0.076068	0.052819	0.060263	0.037647	0.149619	0.082554	0.126637	0.199787	0.101254	0.071271	0.049148	0.128446	0.077408
-1	-1	-1	-1	-1	-1	-1	-1	-1	-1	-1	-1	-1	-1	-1	-1	-1	-1	-1	-1	-1	0.226989	0.157603	0.271724	0.321187	0.166982	0.537252	0.292434	0.402530	0.166090	0.241020	0.083646	0.107552	0.257935	0.104688	0.146920	0.156549	0.153029	0.236467	0.172032	0.284404	0.148513	0.188174	0.141869	0.144655	0.104089	0.113523	0.115711	0.164494	0.139543	0.144117	0.107212	0.062909	-1	0.198351	0.204108	0.076290	0.135916	0.119914	0.231087	0.161722	0.293842	0.193429	0.320350	0.423525	0.157312	0.172264	0.158559	0.335465
-1	-1	-1	-1	-1	-1	-1	-1	-1	-1	-1	-1	-1	-1	-1	-1	-1	-1	-1	-1	-1	0.230191	0.361934	0.128600	0.244150	0.246052	0.138747	0.209339	0.300500	0.339193	0.178726	0.256237	0.127370	0.232550	0.232189	0.158468	0.163214	0.141193	0.218032	0.161409	0.211740	0.310720	0.264456	0.216789	0.172483	0.181791	0.197088	0.128890	0.153225	0.206723	0.195867	0.190335	0.201648	-1	0.180305	0.321592	0.169562	0.189892	0.080833	0.338781	0.156015	0.196725	0.405818	0.182086	0.247102	0.311334	0.231087	0.305652	0.198039
-1	-1	-1	-1	-1	-1	-1	-1	-1	-1	-1	-1	-1	-1	-1	-1	-1	-1	-1	-1	-1	0.205591	0.137312	0.205370	0.104642	0.192761	0.104225	0.077930	0.145013	0.204295	0.313653	0.215687	0.147749	0.126502	0.307958	0.256598	0.164454	0.193880	0.173099	0.146360	0.155129	0.246497	0.234910	0.254574	0.184991	0.179570	0.173960	0.216488	0.121451	0.196502	0.208531	0.214424	0.275855	-1	0.144597	0.222143	0.340457	0.159053	0.183782	0.115143	0.248905	0.150543	0.080541	0.157739	0.109993	0.193621	0.188039	0.239750	0.147059
-1	-1	-1	-1	-1	-1	-1	-1	-1	-1	-1	-1	-1	-1	-1	-1	-1	-1	-1	-1	-1	0.158476	0.115977	0.095823	0.125429	0.065461	0.047052	0.040628	0.040799	0.083332	0.154603	0.211943	0.235376	0.089931	0.109894	0.265393	0.196286	0.146384	0.121075	0.153654	0.109598	0.095142	0.126261	0.167208	0.228577	0.142398	0.153010	0.146915	0.157521	0.087734	0.172932	0.186145	0.189918	-1	0.084731	0.102282	0.197299	0.243340	0.101886	0.120769	0.057761	0.162466	0.078081	0.061369	0.074614	0.116180	0.152703	0.081075	0.110656
-1	-1	-1	-1	-1	-1	-1	-1	-1	-1	-1	-1	-1	-1	-1	-1	-1	-1	-1	-1	-1	0.103733	0.079816	0.068197	0.046820	0.045940	0.012893	0.021057	0.023580	0.021575	0.055627	0.089377	0.122762	0.077512	0.061886	0.058853	0.141906	0.189735	0.065357	0.084344	0.075628	0.054633	0.049000	0.076437	0.147430	0.184651	0.116994	0.105288	0.101341	0.106041	0.070126	0.122013	0.119869	-1	0.087111	0.039422	0.082516	0.134726	0.230363	0.044229	0.081771	0.026713	0.076634	0.037500	0.012383	0.103317	0.085185	0.042622	0.062830
-1	-1	-1	-1	-1	-1	-1	-1	-1	-1	-1	-1	-1	-1	-1	-1	-1	-1	-1	-1	-1	0.032278	0.048175	0.050010	0.031811	0.030227	0.008960	0.009978	0.007443	0.008902	0.009642	0.048537	0.059399	0.051531	0.064664	0.024508	0.042164	0.067891	0.070666	0.053853	0.042639	0.037117	0.022965	0.024875	0.053091	0.085645	0.127201	0.070513	0.068259	0.058628	0.084114	0.059647	0.073305	-1	0.067637	0.031707	0.021873	0.050440	0.141321	0.073093	0.042608	0.043541	0.009480	0.029775	0.015815	0.020379	0.075300	0.026755	0.030264
-1	-1	-1	-1	-1	-1	-1	-1	-1	-1	-1	-1	-1	-1	-1	-1	-1	-1	-1	-1	-1	0.008304	0.009844	0.031778	0.032210	0.013556	0.004802	0.007037	0.003133	0.004276	0.004669	0.006765	0.018767	0.024350	0.029432	0.016842	0.008902	0.015192	0.041109	0.052770	0.025124	0.015544	0.014351	0.010093	0.021309	0.032268	0.060027	0.080267	0.058111	0.054071	0.031440	0.036611	0.017574	-1	0.037151	0.024252	0.021400	0.017948	0.057076	0.026662	0.064157	0.013432	0.016137	0.005767	0.010165	0.013835	0.020332	0.015173	0.014237
-1	-1	-1	-1	-1	-1	-1	-1	-1	-1	-1	-1	-1	-1	-1	-1	-1	-1	-1	-1	-1	0.009059	0.008076	0.008372	0.010936	0.009428	0.004312	0.004548	0.003994	0.001372	0.001986	0.002835	0.002177	0.015860	0.013089	0.007775	0.012211	0.010748	0.008037	0.034744	0.029037	0.009814	0.006159	0.005712	0.007813	0.010075	0.017511	0.029659	0.051075	0.021035	0.023628	0.022668	0.014671	-1	0.022254	0.013249	0.009866	0.012230	0.014486	0.011652	0.029520	0.024072	0.007454	0.004194	0.003300	0.010433	0.018580	0.001969	0.021995
-1	-1	-1	-1	-1	-1	-1	-1	-1	-1	-1	-1	-1	-1	-1	-1	-1	-1	-1	-1	-1	0.006404	0.008860	0.002487	0.004184	0.011398	0.003836	0.003756	0.004693	0.001372	0.000650	0.001377	0.000922	0.003974	0.004930	0.005740	0.004832	0.004004	0.001837	0.006623	0.013546	0.010067	0.003799	0.001625	0.005684	0.005348	0.005979	0.008208	0.016022	0.027212	0.017705	0.011861	0.007231	-1	0.003271	0.009668	0.004669	0.003636	0.010076	0.000934	0.007921	0.006112	0.005789	0.001434	0.001848	0.002318	0.007362	0.000000	0.002046
-1	-1	-1	-1	-1	-1	-1	-1	-1	-1	-1	-1	-1	-1	-1	-1	-1	-1	-1	-1	-1	-1	-1	-1	-1	-1	-1	-1	-1	-1	-1	-1	-1	-1	-1	-1	-1	-1	-1	-1	-1	-1	-1	-1	-1	-1	-1	-1	-1	-1	-1	-1	-1	-1	-1	-1	-1	-1	-1	-1	-1	-1	-1	-1	-1	-1	-1	-1	-1


## MS survey proportions at age (firstAge,plusGroupAge,1,nT).
# paaMS
-1	-1	-1	-1	-1	-1	-1	-1	-1	-1	-1	-1	-1	-1	-1	-1	-1	-1	-1	-1	-1	-1	-1	-1	-1	-1	-1	-1	-1	-1	-1	-1	-1	-1	-1	-1	-1	-1	-1	-1	-1	-1	-1	-1	-1	-1	-1	-1	-1	-1	-1	-1	-1	0.181420	0.142957	0.018587	0.100585	0.034004	0.112458	0.088099	0.068343	0.047892	0.072227	0.119098	0.035096	0.017506	0.013439	0.048155	0.147899
-1	-1	-1	-1	-1	-1	-1	-1	-1	-1	-1	-1	-1	-1	-1	-1	-1	-1	-1	-1	-1	-1	-1	-1	-1	-1	-1	-1	-1	-1	-1	-1	-1	-1	-1	-1	-1	-1	-1	-1	-1	-1	-1	-1	-1	-1	-1	-1	-1	-1	-1	-1	-1	0.178528	0.218480	0.163833	0.089783	0.265929	0.209106	0.298763	0.225038	0.238038	0.182269	0.145106	0.163903	0.109146	0.156322	0.074563	0.250401
-1	-1	-1	-1	-1	-1	-1	-1	-1	-1	-1	-1	-1	-1	-1	-1	-1	-1	-1	-1	-1	-1	-1	-1	-1	-1	-1	-1	-1	-1	-1	-1	-1	-1	-1	-1	-1	-1	-1	-1	-1	-1	-1	-1	-1	-1	-1	-1	-1	-1	-1	-1	-1	0.169978	0.234684	0.312488	0.171143	0.291877	0.158479	0.282693	0.212519	0.151936	0.367648	0.208061	0.353538	0.282244	0.323961	0.212427	0.126724
-1	-1	-1	-1	-1	-1	-1	-1	-1	-1	-1	-1	-1	-1	-1	-1	-1	-1	-1	-1	-1	-1	-1	-1	-1	-1	-1	-1	-1	-1	-1	-1	-1	-1	-1	-1	-1	-1	-1	-1	-1	-1	-1	-1	-1	-1	-1	-1	-1	-1	-1	-1	-1	0.136573	0.175965	0.248841	0.302745	0.153732	0.238993	0.072747	0.253976	0.214458	0.084378	0.336660	0.231237	0.259021	0.239788	0.256699	0.150946
-1	-1	-1	-1	-1	-1	-1	-1	-1	-1	-1	-1	-1	-1	-1	-1	-1	-1	-1	-1	-1	-1	-1	-1	-1	-1	-1	-1	-1	-1	-1	-1	-1	-1	-1	-1	-1	-1	-1	-1	-1	-1	-1	-1	-1	-1	-1	-1	-1	-1	-1	-1	-1	0.108156	0.070194	0.124361	0.192151	0.146289	0.086948	0.116366	0.068086	0.231627	0.111403	0.090595	0.133167	0.160950	0.136340	0.203107	0.094642
-1	-1	-1	-1	-1	-1	-1	-1	-1	-1	-1	-1	-1	-1	-1	-1	-1	-1	-1	-1	-1	-1	-1	-1	-1	-1	-1	-1	-1	-1	-1	-1	-1	-1	-1	-1	-1	-1	-1	-1	-1	-1	-1	-1	-1	-1	-1	-1	-1	-1	-1	-1	-1	0.101094	0.065609	0.053303	0.093450	0.057821	0.121538	0.036416	0.082453	0.034552	0.107223	0.055278	0.037741	0.126295	0.066136	0.093592	0.104588
-1	-1	-1	-1	-1	-1	-1	-1	-1	-1	-1	-1	-1	-1	-1	-1	-1	-1	-1	-1	-1	-1	-1	-1	-1	-1	-1	-1	-1	-1	-1	-1	-1	-1	-1	-1	-1	-1	-1	-1	-1	-1	-1	-1	-1	-1	-1	-1	-1	-1	-1	-1	-1	0.071105	0.046500	0.037609	0.024675	0.027903	0.044846	0.068528	0.027912	0.038081	0.019636	0.022265	0.022016	0.018578	0.044209	0.067961	0.065448
-1	-1	-1	-1	-1	-1	-1	-1	-1	-1	-1	-1	-1	-1	-1	-1	-1	-1	-1	-1	-1	-1	-1	-1	-1	-1	-1	-1	-1	-1	-1	-1	-1	-1	-1	-1	-1	-1	-1	-1	-1	-1	-1	-1	-1	-1	-1	-1	-1	-1	-1	-1	-1	0.033970	0.025975	0.018508	0.013378	0.011850	0.019369	0.026487	0.031606	0.016695	0.029066	0.014683	0.016869	0.013934	0.012202	0.032621	0.023260
-1	-1	-1	-1	-1	-1	-1	-1	-1	-1	-1	-1	-1	-1	-1	-1	-1	-1	-1	-1	-1	-1	-1	-1	-1	-1	-1	-1	-1	-1	-1	-1	-1	-1	-1	-1	-1	-1	-1	-1	-1	-1	-1	-1	-1	-1	-1	-1	-1	-1	-1	-1	-1	0.008739	0.015964	0.013276	0.007581	0.008260	0.004671	0.007662	0.019959	0.022935	0.010790	0.005854	0.003074	0.010004	0.004598	0.007379	0.033526
-1	-1	-1	-1	-1	-1	-1	-1	-1	-1	-1	-1	-1	-1	-1	-1	-1	-1	-1	-1	-1	-1	-1	-1	-1	-1	-1	-1	-1	-1	-1	-1	-1	-1	-1	-1	-1	-1	-1	-1	-1	-1	-1	-1	-1	-1	-1	-1	-1	-1	-1	-1	-1	0.010436	0.003673	0.009194	0.004509	0.002335	0.003593	0.002238	0.010108	0.003787	0.015359	0.002399	0.003360	0.002322	0.003006	0.003495	0.002567
-1	-1	-1	-1	-1	-1	-1	-1	-1	-1	-1	-1	-1	-1	-1	-1	-1	-1	-1	-1	-1	-1	-1	-1	-1	-1	-1	-1	-1	-1	-1	-1	-1	-1	-1	-1	-1	-1	-1	-1	-1	-1	-1	-1	-1	-1	-1	-1	-1	-1	-1	-1	-1	-1	-1	-1	-1	-1	-1	-1	-1	-1	-1	-1	-1	-1	-1	-1	-1


## LL survey proportions at age (firstAge,plusGroupAge,1,nT).
# paaLL
-1	-1	-1	-1	-1	-1	-1	-1	-1	-1	-1	-1	-1	-1	-1	-1	-1	-1	-1	-1	-1	-1	-1	-1	-1	-1	-1	-1	-1	-1	-1	-1	-1	-1	-1	-1	-1	-1	-1	-1	-1	-1	-1	-1	-1	-1	-1	-1	-1	-1	-1	-1	-1	-1	-1	-1	-1	-1	-1	-1	-1	-1	-1	-1	-1	-1	-1	-1	-1
-1	-1	-1	-1	-1	-1	-1	-1	-1	-1	-1	-1	-1	-1	-1	-1	-1	-1	-1	-1	-1	-1	-1	-1	-1	-1	-1	-1	-1	-1	-1	-1	-1	-1	-1	-1	-1	-1	-1	-1	-1	-1	-1	-1	-1	-1	-1	-1	-1	-1	-1	-1	-1	-1	-1	-1	-1	-1	-1	-1	-1	-1	-1	-1	-1	-1	-1	-1	-1
-1	-1	-1	-1	-1	-1	-1	-1	-1	-1	-1	-1	-1	-1	-1	-1	-1	-1	-1	-1	-1	-1	-1	-1	-1	-1	-1	-1	-1	-1	-1	-1	-1	-1	-1	-1	-1	-1	-1	-1	-1	-1	-1	-1	-1	-1	-1	-1	-1	-1	-1	-1	-1	-1	-1	-1	-1	-1	-1	-1	-1	-1	-1	-1	-1	-1	-1	-1	-1
-1	-1	-1	-1	-1	-1	-1	-1	-1	-1	-1	-1	-1	-1	-1	-1	-1	-1	-1	-1	-1	-1	-1	-1	-1	-1	-1	-1	-1	-1	-1	-1	-1	-1	-1	-1	-1	-1	-1	-1	-1	-1	-1	-1	-1	0.089924	0.121907	0.082736	0.088299	0.124801	0.106798	0.098131	0.142886	0.117766	0.112507	0.067448	0.121092	0.068357	0.094533	0.055327	0.161761	0.271520	0.234188	0.122142	0.244138	0.180234	0.204880	0.222716	-1
-1	-1	-1	-1	-1	-1	-1	-1	-1	-1	-1	-1	-1	-1	-1	-1	-1	-1	-1	-1	-1	-1	-1	-1	-1	-1	-1	-1	-1	-1	-1	-1	-1	-1	-1	-1	-1	-1	-1	-1	-1	-1	-1	-1	-1	0.131949	0.178979	0.135809	0.186150	0.122750	0.165944	0.147594	0.179314	0.175125	0.154267	0.143698	0.177855	0.216062	0.167511	0.275543	0.136926	0.292125	0.306127	0.169713	0.241902	0.255684	0.299247	0.296061	-1
-1	-1	-1	-1	-1	-1	-1	-1	-1	-1	-1	-1	-1	-1	-1	-1	-1	-1	-1	-1	-1	-1	-1	-1	-1	-1	-1	-1	-1	-1	-1	-1	-1	-1	-1	-1	-1	-1	-1	-1	-1	-1	-1	-1	-1	0.330447	0.149211	0.186642	0.186910	0.250811	0.157963	0.284774	0.258853	0.199997	0.207922	0.201086	0.196824	0.253624	0.274293	0.133509	0.254985	0.128765	0.221283	0.239318	0.180984	0.257561	0.250278	0.199913	-1
-1	-1	-1	-1	-1	-1	-1	-1	-1	-1	-1	-1	-1	-1	-1	-1	-1	-1	-1	-1	-1	-1	-1	-1	-1	-1	-1	-1	-1	-1	-1	-1	-1	-1	-1	-1	-1	-1	-1	-1	-1	-1	-1	-1	-1	0.236088	0.257543	0.184537	0.156145	0.176795	0.263330	0.193724	0.231303	0.219497	0.189469	0.210006	0.170617	0.208176	0.209855	0.269202	0.137159	0.134910	0.085894	0.246159	0.138889	0.112827	0.130068	0.139933	-1
-1	-1	-1	-1	-1	-1	-1	-1	-1	-1	-1	-1	-1	-1	-1	-1	-1	-1	-1	-1	-1	-1	-1	-1	-1	-1	-1	-1	-1	-1	-1	-1	-1	-1	-1	-1	-1	-1	-1	-1	-1	-1	-1	-1	-1	0.133015	0.184280	0.240693	0.132943	0.158374	0.118349	0.136073	0.098311	0.162232	0.194853	0.189696	0.165066	0.090242	0.134771	0.127488	0.174028	0.090572	0.078239	0.082906	0.108779	0.091511	0.053064	0.108611	-1
-1	-1	-1	-1	-1	-1	-1	-1	-1	-1	-1	-1	-1	-1	-1	-1	-1	-1	-1	-1	-1	-1	-1	-1	-1	-1	-1	-1	-1	-1	-1	-1	-1	-1	-1	-1	-1	-1	-1	-1	-1	-1	-1	-1	-1	0.050079	0.073129	0.128403	0.167144	0.107579	0.091995	0.081161	0.058454	0.063587	0.112443	0.111793	0.099198	0.103183	0.083274	0.106234	0.100703	0.066368	0.041115	0.101414	0.031635	0.077944	0.037967	0.016150	-1
-1	-1	-1	-1	-1	-1	-1	-1	-1	-1	-1	-1	-1	-1	-1	-1	-1	-1	-1	-1	-1	-1	-1	-1	-1	-1	-1	-1	-1	-1	-1	-1	-1	-1	-1	-1	-1	-1	-1	-1	-1	-1	-1	-1	-1	0.028498	0.034951	0.041180	0.082410	0.058891	0.095622	0.058542	0.030878	0.061797	0.028537	0.076273	0.069347	0.060356	0.035763	0.032698	0.034438	0.015739	0.033154	0.038348	0.053673	0.024239	0.024495	0.016617	-1
-1	-1	-1	-1	-1	-1	-1	-1	-1	-1	-1	-1	-1	-1	-1	-1	-1	-1	-1	-1	-1	-1	-1	-1	-1	-1	-1	-1	-1	-1	-1	-1	-1	-1	-1	-1	-1	-1	-1	-1	-1	-1	-1	-1	-1	-1	-1	-1	-1	-1	-1	-1	-1	-1	-1	-1	-1	-1	-1	-1	-1	-1	-1	-1	-1	-1	-1	-1	-1

# Beginning-of-year weight-at-age (firstAge,plusGroupAge,1,nT+1)
0.074	0.074	0.074	0.074	0.074	0.074	0.074	0.074	0.074	0.074	0.074	0.077	0.078	0.080	0.080	0.079	0.084	0.081	0.083	0.082	0.081	0.067	0.068	0.087	0.073	0.062	0.079	0.077	0.086	0.057	0.051	0.047	0.074	0.089	0.068	0.092	0.066	0.077	0.095	0.080	0.094	0.082	0.089	0.075	0.078	0.072	0.105	0.062	0.056	0.074	0.079	0.074	0.053	0.053	0.058	0.094	0.073	0.060	0.052	0.052	0.022	0.042	0.045	0.027	0.070	0.059	0.056	0.071	0.071	0.052
0.219	0.219	0.219	0.219	0.219	0.219	0.219	0.219	0.219	0.219	0.219	0.206	0.230	0.240	0.250	0.250	0.245	0.274	0.254	0.269	0.259	0.256	0.218	0.224	0.276	0.254	0.151	0.227	0.205	0.204	0.194	0.186	0.148	0.210	0.188	0.201	0.185	0.186	0.190	0.208	0.203	0.218	0.208	0.225	0.206	0.183	0.218	0.207	0.192	0.190	0.216	0.216	0.162	0.171	0.158	0.190	0.185	0.227	0.130	0.153	0.205	0.100	0.151	0.122	0.148	0.164	0.129	0.136	0.136	0.190
0.484	0.484	0.484	0.484	0.484	0.484	0.484	0.484	0.484	0.484	0.484	0.439	0.449	0.469	0.469	0.525	0.562	0.522	0.596	0.590	0.574	0.561	0.549	0.543	0.503	0.583	0.470	0.416	0.499	0.442	0.397	0.472	0.421	0.347	0.330	0.368	0.407	0.340	0.339	0.379	0.385	0.397	0.337	0.367	0.369	0.395	0.335	0.437	0.315	0.380	0.366	0.411	0.393	0.336	0.311	0.277	0.395	0.332	0.379	0.286	0.326	0.292	0.244	0.273	0.263	0.273	0.291	0.285	0.251	0.283
0.866	0.866	0.866	0.866	0.866	0.866	0.866	0.866	0.866	0.866	0.866	0.777	0.715	0.773	0.745	0.827	0.943	1.070	0.969	1.052	1.018	0.927	0.957	0.927	0.949	0.944	0.992	0.995	0.895	0.847	0.741	0.726	0.782	0.665	0.506	0.535	0.572	0.576	0.529	0.571	0.606	0.607	0.585	0.521	0.544	0.553	0.620	0.589	0.666	0.573	0.621	0.607	0.596	0.610	0.527	0.475	0.486	0.612	0.533	0.492	0.490	0.501	0.475	0.433	0.440	0.458	0.472	0.447	0.420	0.400
1.388	1.388	1.388	1.388	1.388	1.388	1.388	1.388	1.388	1.388	1.388	1.234	1.094	1.007	1.051	1.062	1.365	1.557	1.651	1.621	1.556	1.317	1.331	1.379	1.404	1.468	1.498	1.607	1.670	1.344	1.096	1.049	0.986	1.049	0.860	0.709	0.745	0.717	0.742	0.765	0.819	0.838	0.801	0.806	0.726	0.742	0.792	0.918	0.898	0.885	0.870	0.909	0.835	0.843	0.865	0.769	0.727	0.756	0.785	0.710	0.712	0.722	0.751	0.708	0.677	0.738	0.712	0.666	0.551	0.593
1.855	1.855	1.855	1.855	1.855	1.855	1.855	1.855	1.855	1.855	1.855	1.891	1.633	1.393	1.213	1.411	1.539	1.939	2.228	2.224	2.209	1.858	1.663	1.730	1.822	1.996	2.123	2.244	2.202	2.116	1.558	1.328	1.297	1.205	1.263	1.068	0.932	0.868	0.860	0.952	1.005	1.020	1.012	0.997	1.008	0.923	0.962	1.092	1.220	1.141	1.135	1.171	1.090	1.056	1.147	1.066	0.995	0.962	0.958	0.919	0.965	1.012	1.015	0.942	0.946	0.998	1.054	0.906	0.774	0.701
2.354	2.354	2.354	2.354	2.354	2.354	2.354	2.354	2.354	2.354	2.354	2.345	2.439	1.980	1.687	1.647	1.937	2.168	3.027	3.044	2.946	2.748	2.331	2.157	2.116	2.471	2.692	3.288	3.129	2.645	2.576	1.710	1.542	1.483	1.370	1.534	1.227	1.083	0.992	1.021	1.147	1.190	1.164	1.180	1.194	1.184	1.154	1.307	1.381	1.443	1.358	1.424	1.382	1.298	1.377	1.322	1.289	1.196	1.175	1.134	1.162	1.211	1.247	1.291	1.217	1.402	1.334	1.325	0.948	0.918
3.145	3.145	3.145	3.145	3.145	3.145	3.145	3.145	3.145	3.145	3.145	3.073	3.938	2.825	2.258	2.217	2.210	2.542	2.519	4.036	3.948	3.892	3.449	2.779	2.403	2.726	2.964	3.432	4.834	3.640	3.264	3.068	1.970	1.815	1.716	1.573	1.984	1.403	1.194	1.112	1.188	1.317	1.363	1.327	1.374	1.463	1.404	1.449	1.649	1.550	1.647	1.672	1.555	1.599	1.584	1.570	1.498	1.460	1.362	1.371	1.396	1.458	1.491	1.629	1.655	1.738	1.703	1.681	1.817	1.114
3.406	3.406	3.406	3.406	3.406	3.406	3.406	3.406	3.406	3.406	3.406	4.152	4.962	5.262	3.456	2.710	2.910	3.172	2.968	2.707	4.492	4.936	4.602	4.416	3.153	3.218	3.616	4.060	5.045	6.124	4.100	3.838	3.527	2.071	2.086	1.918	1.746	2.023	1.893	1.280	1.256	1.314	1.630	1.815	1.490	1.864	1.942	1.760	1.724	1.761	1.607	1.908	1.897	1.748	1.931	1.804	1.776	1.617	1.605	1.563	1.530	1.795	1.657	2.015	2.159	2.223	2.425	2.238	2.179	2.180
3.472	3.472	3.472	3.472	3.472	3.472	3.472	3.472	3.472	3.472	3.472	4.600	6.177	4.646	5.740	4.594	3.699	3.940	4.018	4.706	3.242	5.487	5.739	4.939	4.673	4.107	4.773	4.471	7.132	6.956	5.983	4.596	4.735	4.308	2.609	2.418	2.289	2.055	2.105	2.208	1.363	1.358	1.641	1.678	2.311	2.002	2.456	2.306	2.133	1.755	1.751	1.849	2.083	1.943	2.158	2.060	1.919	2.096	1.694	2.084	1.734	1.630	2.028	1.739	2.590	2.535	2.561	2.828	1.862	2.524
4.443	4.443	4.443	4.443	4.443	4.443	4.443	4.443	4.443	4.443	4.443	5.838	8.929	9.473	6.432	7.354	6.748	6.531	5.855	5.855	5.880	4.829	5.783	6.441	7.978	6.419	5.635	6.108	7.671	8.331	8.475	8.468	7.494	9.527	8.631	6.793	4.729	3.760	4.548	4.188	3.506	2.017	1.521	1.968	2.029	3.102	3.404	2.855	2.608	2.233	2.059	2.254	2.516	2.545	2.306	2.469	2.175	2.337	2.502	2.099	1.848	1.804	2.233	2.645	2.981	3.282	3.077	4.030	4.897	5.068

# Commercial fishery weight-at-age (firstAge,plusGroupAge,1,nT)
0.100	0.100	0.100	0.100	0.100	0.100	0.100	0.100	0.100	0.100	0.100	0.100	0.100	0.100	0.100	0.100	0.100	0.100	0.100	0.100	0.100	0.100	0.100	0.100	0.100	0.100	0.100	0.100	0.100	0.100	0.100	0.100	0.100	0.100	0.100	0.100	0.100	0.100	0.100	0.100	0.100	0.100	0.100	0.100	0.100	0.100	0.100	0.100	0.100	0.100	0.100	0.100	0.100	0.110	0.099	0.114	0.121	0.127	0.104	0.143	0.051	0.087	0.099	0.089	0.160	0.100	0.140	0.060	0.110
0.460	0.440	0.450	0.420	0.490	0.470	0.480	0.430	0.420	0.370	0.400	0.350	0.340	0.370	0.390	0.400	0.370	0.360	0.340	0.350	0.310	0.760	0.360	0.460	0.600	0.480	0.460	0.520	0.400	0.510	0.580	0.500	0.750	0.330	0.450	0.440	0.430	0.270	0.400	0.530	0.560	0.530	0.550	0.410	0.340	0.250	0.360	0.240	0.300	0.320	0.300	0.290	0.280	0.282	0.327	0.422	0.351	0.323	0.246	0.254	0.287	0.204	0.265	0.229	0.260	0.270	0.380	0.410	0.180
1.080	1.050	0.990	0.950	0.960	1.260	1.070	1.070	0.970	0.910	0.770	0.940	0.650	0.660	0.710	0.840	0.790	0.750	0.760	0.660	0.690	0.820	0.560	0.670	0.780	0.740	0.780	0.810	0.680	0.710	0.690	0.680	0.760	0.610	0.650	0.570	0.600	0.490	0.600	0.630	0.720	0.650	0.650	0.560	0.560	0.490	0.470	0.560	0.520	0.690	0.560	0.650	0.690	0.492	0.556	0.683	0.678	0.458	0.598	0.418	0.590	0.702	0.651	0.652	0.460	0.720	0.670	0.830	0.660
1.090	1.300	1.270	1.210	1.250	1.380	1.600	1.360	1.240	1.220	1.110	0.930	1.020	0.670	0.750	0.910	1.090	1.050	1.050	1.070	1.000	1.110	0.910	0.920	1.090	1.150	1.110	1.270	1.030	1.010	0.920	0.850	0.970	0.890	0.790	0.760	0.810	0.700	0.770	0.770	0.850	0.850	0.810	0.700	0.790	0.670	0.810	0.800	0.960	0.920	0.880	0.880	0.900	0.868	0.840	0.854	0.810	0.706	0.759	0.760	0.824	1.075	1.126	0.820	1.040	1.000	0.950	1.210	1.090
1.500	1.440	1.690	1.500	1.650	1.750	1.790	1.820	1.560	1.510	1.480	1.300	1.080	0.930	0.890	1.090	1.340	1.540	1.450	1.530	1.560	1.400	1.330	1.280	1.490	1.760	1.540	1.790	1.660	1.420	1.220	1.130	1.160	1.140	1.090	0.990	1.010	0.860	0.920	0.900	1.030	1.010	1.000	1.000	1.040	0.900	0.990	1.150	1.190	1.280	1.180	1.220	1.130	1.213	1.083	1.056	0.988	0.931	0.950	1.047	1.199	1.254	1.528	1.112	1.300	1.210	1.250	1.370	1.350
1.660	1.800	2.000	1.950	2.090	2.410	2.230	2.060	1.940	1.860	1.970	1.710	1.530	1.180	1.040	1.290	1.580	2.180	2.010	2.200	2.120	2.150	1.520	1.690	1.960	2.360	2.190	2.420	2.270	2.220	1.500	1.390	1.450	1.310	1.380	1.420	1.290	0.990	1.040	1.070	1.170	1.220	1.220	1.400	1.460	1.170	1.370	1.420	1.530	1.610	1.460	1.520	1.440	1.520	1.396	1.311	1.224	1.142	1.147	1.195	1.413	1.620	1.563	1.391	1.730	1.670	1.780	1.660	1.520
1.860	1.950	2.140	2.070	2.560	3.070	3.040	2.560	2.290	2.430	2.520	2.580	2.250	1.560	1.380	1.460	2.040	1.990	2.310	2.420	2.540	3.670	2.550	2.310	2.680	2.750	2.840	3.510	2.810	3.310	2.780	1.840	1.720	1.580	1.610	1.670	1.750	1.250	1.130	1.190	1.280	1.410	1.450	1.810	1.870	1.490	1.680	1.850	1.740	1.950	1.810	1.870	1.830	1.958	1.725	1.502	1.500	1.366	1.368	1.596	1.694	1.968	1.958	1.820	2.110	2.190	1.960	2.300	1.990
2.260	2.280	2.320	2.310	2.630	3.540	3.760	3.250	2.690	2.540	2.920	3.010	3.190	3.250	1.840	1.750	2.120	2.710	2.110	3.020	3.490	3.830	4.820	3.590	2.890	3.220	3.230	4.270	4.330	4.070	3.080	3.190	2.270	1.730	2.070	1.830	1.980	1.850	1.290	1.220	1.360	1.510	1.610	1.930	2.260	2.110	2.070	2.030	1.960	2.100	2.100	2.120	2.000	2.550	1.914	1.863	1.733	1.614	1.767	1.956	1.918	2.229	2.087	2.092	2.160	2.220	2.530	2.940	2.200
2.460	2.490	2.400	2.490	2.650	3.860	4.100	3.730	3.230	3.160	3.060	4.140	4.520	3.790	3.780	2.450	2.150	2.350	2.380	2.340	4.700	5.250	5.970	5.510	4.110	3.700	3.790	4.310	4.630	7.140	4.000	4.170	3.270	2.010	2.270	2.140	1.890	2.160	1.900	1.400	1.410	1.600	1.850	2.210	2.180	2.520	2.640	2.280	2.110	2.580	2.150	2.260	2.270	2.805	2.264	2.208	2.161	1.945	2.079	2.282	2.155	2.456	2.455	2.509	2.780	2.690	2.400	3.020	2.210
3.120	2.960	2.620	2.620	3.060	3.590	4.170	4.600	3.820	3.550	3.400	4.040	6.180	5.850	4.600	4.380	3.380	3.190	2.690	2.620	3.290	6.000	7.130	6.030	5.970	4.460	4.620	5.100	6.370	6.960	7.830	4.470	4.010	4.840	3.050	2.410	2.640	2.240	2.230	1.940	1.500	1.630	1.880	2.290	2.520	2.980	3.290	2.560	2.460	2.580	2.320	2.350	2.470	2.779	2.650	2.523	2.640	2.336	2.321	2.460	2.053	2.621	2.796	2.673	3.260	2.450	2.750	3.310	3.820
3.822	3.903	3.653	3.049	3.548	5.170	4.650	4.630	6.329	5.533	6.519	8.170	6.882	8.460	10.005	8.517	6.427	5.951	5.885	5.385	5.836	6.148	7.888	7.203	7.422	7.229	5.983	6.467	6.828	7.533	7.632	5.707	4.343	8.435	5.385	3.466	2.456	3.570	3.314	2.403	2.148	1.846	2.122	2.555	2.284	3.953	3.250	2.884	2.996	3.139	2.696	2.433	2.605	3.534	2.568	3.332	3.052	2.392	2.392	2.712	3.291	2.865	2.334	3.097	3.500	2.900	3.040	5.030	2.850


## DFO survey weight at age (firstAge,plusGroupAge,1,nT).
# waaRV
-1	-1	-1	-1	-1	-1	-1	-1	-1	-1	-1	-1	-1	-1	-1	-1	-1	-1	-1	-1	-1	0.122	0.147	0.167	0.214	0.086	0.153	0.126	0.160	0.109	0.117	0.077	0.169	0.131	0.125	0.126	0.140	0.122	0.157	0.125	0.178	0.145	0.170	0.136	0.135	0.139	0.193	0.125	0.127	0.148	0.146	0.096	0.113	0.120	0.121	0.144	0.155	0.083	0.089	0.160	0.059	0.099	0.077	0.106	0.129	0.076	0.088	0.108	0.100
-1	-1	-1	-1	-1	-1	-1	-1	-1	-1	-1	-1	-1	-1	-1	-1	-1	-1	-1	-1	-1	0.414	0.391	0.341	0.457	0.302	0.264	0.337	0.333	0.259	0.345	0.297	0.284	0.261	0.270	0.323	0.273	0.246	0.295	0.276	0.330	0.267	0.299	0.299	0.313	0.249	0.341	0.223	0.296	0.284	0.316	0.321	0.273	0.258	0.209	0.297	0.237	0.331	0.205	0.262	0.262	0.170	0.231	0.192	0.206	0.208	0.218	0.211	0.171
-1	-1	-1	-1	-1	-1	-1	-1	-1	-1	-1	-1	-1	-1	-1	-1	-1	-1	-1	-1	-1	0.750	0.727	0.753	0.742	0.743	0.731	0.656	0.739	0.587	0.609	0.647	0.598	0.425	0.418	0.501	0.513	0.424	0.467	0.487	0.536	0.478	0.426	0.451	0.455	0.498	0.450	0.560	0.446	0.489	0.471	0.535	0.480	0.414	0.374	0.366	0.525	0.465	0.433	0.398	0.405	0.326	0.349	0.323	0.359	0.361	0.407	0.373	0.299
-1	-1	-1	-1	-1	-1	-1	-1	-1	-1	-1	-1	-1	-1	-1	-1	-1	-1	-1	-1	-1	1.147	1.220	1.181	1.195	1.201	1.324	1.354	1.220	0.971	0.936	0.865	0.944	0.740	0.602	0.685	0.653	0.646	0.659	0.698	0.755	0.687	0.716	0.638	0.657	0.673	0.771	0.771	0.792	0.736	0.789	0.782	0.665	0.776	0.671	0.603	0.646	0.714	0.612	0.560	0.603	0.619	0.693	0.538	0.600	0.585	0.616	0.492	0.473
-1	-1	-1	-1	-1	-1	-1	-1	-1	-1	-1	-1	-1	-1	-1	-1	-1	-1	-1	-1	-1	1.421	1.545	1.558	1.670	1.804	1.869	1.950	2.059	1.481	1.238	1.176	1.125	1.165	1.000	0.834	0.810	0.787	0.852	0.888	0.960	0.930	0.934	0.907	0.826	0.838	0.933	1.092	1.045	0.990	1.028	1.047	0.891	1.068	0.964	0.882	0.876	0.885	0.863	0.823	0.905	0.864	0.912	0.724	0.851	0.908	0.867	0.719	0.618
-1	-1	-1	-1	-1	-1	-1	-1	-1	-1	-1	-1	-1	-1	-1	-1	-1	-1	-1	-1	-1	1.995	1.946	1.937	2.130	2.386	2.499	2.695	2.487	2.175	1.639	1.424	1.431	1.291	1.369	1.140	1.041	0.931	0.939	1.063	1.138	1.084	1.102	1.064	1.120	1.032	1.105	1.278	1.363	1.245	1.301	1.335	1.134	1.252	1.232	1.178	1.122	1.057	1.038	0.979	1.132	1.131	1.192	0.972	1.236	1.170	1.223	0.946	0.834
-1	-1	-1	-1	-1	-1	-1	-1	-1	-1	-1	-1	-1	-1	-1	-1	-1	-1	-1	-1	-1	3.033	2.724	2.391	2.311	2.867	3.038	4.327	3.633	2.813	3.050	1.784	1.670	1.536	1.453	1.718	1.320	1.127	1.056	1.110	1.237	1.244	1.250	1.264	1.339	1.251	1.290	1.546	1.493	1.527	1.482	1.558	1.431	1.485	1.515	1.418	1.410	1.274	1.306	1.238	1.379	1.296	1.374	1.399	1.523	1.590	1.520	1.435	0.951
-1	-1	-1	-1	-1	-1	-1	-1	-1	-1	-1	-1	-1	-1	-1	-1	-1	-1	-1	-1	-1	4.591	3.923	2.835	2.415	3.216	3.064	3.877	5.401	3.648	3.788	3.086	2.176	1.972	1.917	1.703	2.292	1.491	1.266	1.172	1.271	1.402	1.494	1.408	1.493	1.598	1.576	1.627	1.758	1.609	1.776	1.887	1.552	1.786	1.690	1.628	1.583	1.511	1.457	1.440	1.574	1.541	1.716	1.931	1.958	1.984	1.824	1.859	2.300
-1	-1	-1	-1	-1	-1	-1	-1	-1	-1	-1	-1	-1	-1	-1	-1	-1	-1	-1	-1	-1	5.487	4.613	4.971	3.506	4.287	4.065	5.379	6.566	6.944	4.608	3.888	4.032	1.971	2.206	1.919	1.791	1.786	2.403	1.294	1.347	1.358	1.894	2.205	1.576	2.328	2.360	1.965	1.827	1.765	1.606	2.050	1.908	1.969	2.088	1.926	1.937	1.651	1.705	1.677	1.626	2.047	1.782	2.366	2.415	2.523	2.965	2.746	2.553
-1	-1	-1	-1	-1	-1	-1	-1	-1	-1	-1	-1	-1	-1	-1	-1	-1	-1	-1	-1	-1	6.312	6.002	5.288	4.392	4.812	5.314	4.918	9.456	7.369	5.155	4.584	5.766	4.603	3.454	2.651	2.731	2.357	2.481	2.029	1.436	1.369	1.983	1.486	2.423	2.543	2.591	2.254	2.316	1.685	1.737	2.128	2.116	1.978	2.365	2.033	1.913	2.269	1.739	2.548	1.793	1.635	2.009	1.697	2.835	2.660	2.599	2.746	1.262
-1	-1	-1	-1	-1	-1	-1	-1	-1	-1	-1	-1	-1	-1	-1	-1	-1	-1	-1	-1	-1	5.087	6.838	7.119	8.850	7.792	5.012	7.900	8.460	7.960	8.682	9.710	9.471	10.056	10.361	7.927	5.077	3.811	6.630	4.899	4.145	2.312	1.434	2.715	2.416	4.301	3.876	2.592	2.807	2.099	2.363	2.629	2.736	2.598	2.628	2.604	2.258	2.741	2.512	2.020	1.471	1.815	3.074	2.880	3.807	3.526	3.145	6.696	4.886

## MS survey weight at age (firstAge,plusGroupAge,1,nT).
# waaMS
-1	-1	-1	-1	-1	-1	-1	-1	-1	-1	-1	-1	-1	-1	-1	-1	-1	-1	-1	-1	-1	-1	-1	-1	-1	-1	-1	-1	-1	-1	-1	-1	-1	-1	-1	-1	-1	-1	-1	-1	-1	-1	-1	-1	-1	-1	-1	-1	-1	-1	-1	-1	-1	0.107	0.097	0.130	0.126	0.118	0.114	0.129	0.061	0.092	0.072	0.094	0.145	0.103	0.139	0.062	0.110
-1	-1	-1	-1	-1	-1	-1	-1	-1	-1	-1	-1	-1	-1	-1	-1	-1	-1	-1	-1	-1	-1	-1	-1	-1	-1	-1	-1	-1	-1	-1	-1	-1	-1	-1	-1	-1	-1	-1	-1	-1	-1	-1	-1	-1	-1	-1	-1	-1	-1	-1	-1	-1	0.271	0.216	0.283	0.225	0.307	0.207	0.241	0.254	0.165	0.207	0.215	0.260	0.246	0.299	0.233	0.181
-1	-1	-1	-1	-1	-1	-1	-1	-1	-1	-1	-1	-1	-1	-1	-1	-1	-1	-1	-1	-1	-1	-1	-1	-1	-1	-1	-1	-1	-1	-1	-1	-1	-1	-1	-1	-1	-1	-1	-1	-1	-1	-1	-1	-1	-1	-1	-1	-1	-1	-1	-1	-1	0.418	0.361	0.360	0.494	0.406	0.439	0.330	0.367	0.385	0.324	0.360	0.404	0.403	0.441	0.400	0.391
-1	-1	-1	-1	-1	-1	-1	-1	-1	-1	-1	-1	-1	-1	-1	-1	-1	-1	-1	-1	-1	-1	-1	-1	-1	-1	-1	-1	-1	-1	-1	-1	-1	-1	-1	-1	-1	-1	-1	-1	-1	-1	-1	-1	-1	-1	-1	-1	-1	-1	-1	-1	-1	0.731	0.588	0.579	0.603	0.673	0.619	0.527	0.579	0.547	0.661	0.508	0.636	0.603	0.586	0.571	0.567
-1	-1	-1	-1	-1	-1	-1	-1	-1	-1	-1	-1	-1	-1	-1	-1	-1	-1	-1	-1	-1	-1	-1	-1	-1	-1	-1	-1	-1	-1	-1	-1	-1	-1	-1	-1	-1	-1	-1	-1	-1	-1	-1	-1	-1	-1	-1	-1	-1	-1	-1	-1	-1	0.989	0.904	0.840	0.787	0.878	0.830	0.813	0.873	0.777	0.927	0.708	0.807	0.900	0.846	0.744	0.707
-1	-1	-1	-1	-1	-1	-1	-1	-1	-1	-1	-1	-1	-1	-1	-1	-1	-1	-1	-1	-1	-1	-1	-1	-1	-1	-1	-1	-1	-1	-1	-1	-1	-1	-1	-1	-1	-1	-1	-1	-1	-1	-1	-1	-1	-1	-1	-1	-1	-1	-1	-1	-1	1.175	1.101	1.146	1.033	1.092	1.011	1.024	1.163	1.166	1.192	0.876	1.126	1.164	1.115	1.054	0.940
-1	-1	-1	-1	-1	-1	-1	-1	-1	-1	-1	-1	-1	-1	-1	-1	-1	-1	-1	-1	-1	-1	-1	-1	-1	-1	-1	-1	-1	-1	-1	-1	-1	-1	-1	-1	-1	-1	-1	-1	-1	-1	-1	-1	-1	-1	-1	-1	-1	-1	-1	-1	-1	1.440	1.435	1.341	1.319	1.312	1.369	1.284	1.374	1.391	1.638	1.494	1.361	1.635	1.258	1.458	1.633
-1	-1	-1	-1	-1	-1	-1	-1	-1	-1	-1	-1	-1	-1	-1	-1	-1	-1	-1	-1	-1	-1	-1	-1	-1	-1	-1	-1	-1	-1	-1	-1	-1	-1	-1	-1	-1	-1	-1	-1	-1	-1	-1	-1	-1	-1	-1	-1	-1	-1	-1	-1	-1	1.822	1.660	1.553	1.440	1.640	1.391	1.563	1.676	1.466	1.604	1.271	1.862	1.936	1.854	2.717	2.021
-1	-1	-1	-1	-1	-1	-1	-1	-1	-1	-1	-1	-1	-1	-1	-1	-1	-1	-1	-1	-1	-1	-1	-1	-1	-1	-1	-1	-1	-1	-1	-1	-1	-1	-1	-1	-1	-1	-1	-1	-1	-1	-1	-1	-1	-1	-1	-1	-1	-1	-1	-1	-1	1.889	1.787	1.931	1.879	1.850	1.729	1.644	1.654	1.732	2.491	1.891	2.026	2.549	2.429	2.306	2.113
-1	-1	-1	-1	-1	-1	-1	-1	-1	-1	-1	-1	-1	-1	-1	-1	-1	-1	-1	-1	-1	-1	-1	-1	-1	-1	-1	-1	-1	-1	-1	-1	-1	-1	-1	-1	-1	-1	-1	-1	-1	-1	-1	-1	-1	-1	-1	-1	-1	-1	-1	-1	-1	1.952	1.728	2.278	1.882	2.428	1.887	1.796	1.509	1.753	2.090	3.524	2.215	3.512	3.254	2.545	1.392
-1	-1	-1	-1	-1	-1	-1	-1	-1	-1	-1	-1	-1	-1	-1	-1	-1	-1	-1	-1	-1	-1	-1	-1	-1	-1	-1	-1	-1	-1	-1	-1	-1	-1	-1	-1	-1	-1	-1	-1	-1	-1	-1	-1	-1	-1	-1	-1	-1	-1	-1	-1	-1	-1	-1	-1	-1	-1	-1	-1	-1	-1	-1	-1	-1	-1	-1	-1	-1

## LL survey weight at age (firstAge,plusGroupAge,1,nT).
# waaLL
-1	-1	-1	-1	-1	-1	-1	-1	-1	-1	-1	-1	-1	-1	-1	-1	-1	-1	-1	-1	-1	-1	-1	-1	-1	-1	-1	-1	-1	-1	-1	-1	-1	-1	-1	-1	-1	-1	-1	-1	-1	-1	-1	-1	-1	-1	-1	-1	-1	-1	-1	-1	-1	-1	-1	-1	-1	-1	-1	-1	-1	-1	-1	-1	-1	-1	-1	-1	-1
-1	-1	-1	-1	-1	-1	-1	-1	-1	-1	-1	-1	-1	-1	-1	-1	-1	-1	-1	-1	-1	-1	-1	-1	-1	-1	-1	-1	-1	-1	-1	-1	-1	-1	-1	-1	-1	-1	-1	-1	-1	-1	-1	-1	-1	-1	-1	-1	-1	-1	-1	-1	-1	-1	-1	-1	-1	-1	-1	-1	-1	-1	-1	-1	-1	-1	-1	-1	-1
-1	-1	-1	-1	-1	-1	-1	-1	-1	-1	-1	-1	-1	-1	-1	-1	-1	-1	-1	-1	-1	-1	-1	-1	-1	-1	-1	-1	-1	-1	-1	-1	-1	-1	-1	-1	-1	-1	-1	-1	-1	-1	-1	-1	-1	-1	-1	-1	-1	-1	-1	-1	-1	-1	-1	-1	-1	-1	-1	-1	-1	-1	-1	-1	-1	-1	-1	-1	-1
-1	-1	-1	-1	-1	-1	-1	-1	-1	-1	-1	-1	-1	-1	-1	-1	-1	-1	-1	-1	-1	-1	-1	-1	-1	-1	-1	-1	-1	-1	-1	-1	-1	-1	-1	-1	-1	-1	-1	-1	-1	-1	-1	-1	-1	0.836	1.009	0.960	1.092	1.040	1.010	0.970	1.061	0.896	0.881	0.890	0.862	0.786	0.819	0.775	0.870	1.022	1.070	0.877	1.132	0.840	1.011	1.123	-1
-1	-1	-1	-1	-1	-1	-1	-1	-1	-1	-1	-1	-1	-1	-1	-1	-1	-1	-1	-1	-1	-1	-1	-1	-1	-1	-1	-1	-1	-1	-1	-1	-1	-1	-1	-1	-1	-1	-1	-1	-1	-1	-1	-1	-1	1.069	1.265	1.350	1.423	1.431	1.332	1.364	1.355	1.240	1.135	1.230	1.161	1.099	1.143	1.078	1.171	1.269	1.380	1.183	1.240	1.095	1.233	1.309	-1
-1	-1	-1	-1	-1	-1	-1	-1	-1	-1	-1	-1	-1	-1	-1	-1	-1	-1	-1	-1	-1	-1	-1	-1	-1	-1	-1	-1	-1	-1	-1	-1	-1	-1	-1	-1	-1	-1	-1	-1	-1	-1	-1	-1	-1	1.435	1.623	1.630	1.803	1.683	1.648	1.763	1.700	1.574	1.505	1.470	1.427	1.361	1.442	1.240	1.409	1.630	1.600	1.422	1.618	1.319	1.421	1.608	-1
-1	-1	-1	-1	-1	-1	-1	-1	-1	-1	-1	-1	-1	-1	-1	-1	-1	-1	-1	-1	-1	-1	-1	-1	-1	-1	-1	-1	-1	-1	-1	-1	-1	-1	-1	-1	-1	-1	-1	-1	-1	-1	-1	-1	-1	1.636	1.840	2.080	1.952	2.045	1.837	2.005	2.071	1.964	1.780	1.764	1.735	1.648	1.836	1.647	1.589	1.684	1.890	1.691	1.746	1.709	1.647	1.772	-1
-1	-1	-1	-1	-1	-1	-1	-1	-1	-1	-1	-1	-1	-1	-1	-1	-1	-1	-1	-1	-1	-1	-1	-1	-1	-1	-1	-1	-1	-1	-1	-1	-1	-1	-1	-1	-1	-1	-1	-1	-1	-1	-1	-1	-1	2.182	2.062	2.140	2.136	2.059	2.198	2.311	2.252	2.301	1.914	1.959	1.890	1.911	2.035	1.740	1.793	1.713	2.040	1.939	2.067	1.916	2.051	2.021	-1
-1	-1	-1	-1	-1	-1	-1	-1	-1	-1	-1	-1	-1	-1	-1	-1	-1	-1	-1	-1	-1	-1	-1	-1	-1	-1	-1	-1	-1	-1	-1	-1	-1	-1	-1	-1	-1	-1	-1	-1	-1	-1	-1	-1	-1	2.666	2.534	2.370	2.229	2.254	2.389	2.430	2.705	2.510	2.355	2.222	2.108	2.051	2.259	2.220	1.939	2.124	2.440	2.127	2.306	2.331	2.213	2.410	-1
-1	-1	-1	-1	-1	-1	-1	-1	-1	-1	-1	-1	-1	-1	-1	-1	-1	-1	-1	-1	-1	-1	-1	-1	-1	-1	-1	-1	-1	-1	-1	-1	-1	-1	-1	-1	-1	-1	-1	-1	-1	-1	-1	-1	-1	2.875	3.131	2.750	2.614	2.610	2.096	2.680	2.753	2.688	2.703	2.304	2.490	2.537	2.239	2.250	1.917	2.437	2.300	2.317	2.432	2.435	2.694	1.911	-1
-1	-1	-1	-1	-1	-1	-1	-1	-1	-1	-1	-1	-1	-1	-1	-1	-1	-1	-1	-1	-1	-1	-1	-1	-1	-1	-1	-1	-1	-1	-1	-1	-1	-1	-1	-1	-1	-1	-1	-1	-1	-1	-1	-1	-1	-1	-1	-1	-1	-1	-1	-1	-1	-1	-1	-1	-1	-1	-1	-1	-1	-1	-1	-1	-1	-1	-1	-1	-1

## Maturity-at-age (1,plusGroupAge,1,nT)
0.0062	0.0062	0.0062	0.0062	0.0062	0.0062	0.0062	0.0062	0.0062	0.0062	0.0062	0.0062	0.0062	0.0208	0.0354	0.0354	0.0354	0.0354	0.0063	0.0063	0.0063	0.0064	0.0064	0.0064	0.0146	0.0146	0.0146	0.0315	0.0315	0.0315	0.0315	0.0315	0.0315	0.0315	0.0315	0.0200	0.0200	0.0200	0.0086	0.0086	0.0086	0.0086	0.0086	0.0086	0.0182	0.0182	0.0182	0.0128	0.0073	0.0073	0.0073	0.0073	0.0073	0.0073	0.0073	0.0073	0.0073	0.0073	0.0073	0.0073	0.0073	0.0073	0.0073	0.0073	0.0073	0.0073	0.0073	0.0073	0.0073
0.0185	0.0185	0.0185	0.0185	0.0185	0.0185	0.0185	0.0185	0.0185	0.0185	0.0185	0.0185	0.0185	0.0493	0.0800	0.0800	0.0800	0.0800	0.0391	0.0391	0.0391	0.0451	0.0451	0.0451	0.1035	0.1035	0.1035	0.1439	0.1439	0.1439	0.1439	0.1439	0.1439	0.1439	0.1439	0.1085	0.1085	0.1085	0.0732	0.0732	0.0732	0.0732	0.0732	0.0732	0.0967	0.0967	0.0967	0.0742	0.0517	0.0517	0.0517	0.0517	0.0517	0.0517	0.0517	0.0517	0.0517	0.0517	0.0517	0.0517	0.0517	0.0517	0.0517	0.0517	0.0517	0.0517	0.0517	0.0517	0.0517
0.0540	0.0540	0.0540	0.0540	0.0540	0.0540	0.0540	0.0540	0.0540	0.0540	0.0540	0.0540	0.0540	0.1124	0.1707	0.1707	0.1707	0.1707	0.2064	0.2064	0.2064	0.2571	0.2571	0.2571	0.4733	0.4733	0.4733	0.4651	0.4651	0.4651	0.4651	0.4651	0.4651	0.4651	0.4651	0.4412	0.4412	0.4412	0.4173	0.4173	0.4173	0.4173	0.4173	0.4173	0.3819	0.3819	0.3819	0.3344	0.2868	0.2868	0.2868	0.2868	0.2868	0.2868	0.2868	0.2868	0.2868	0.2868	0.2868	0.2868	0.2868	0.2868	0.2868	0.2868	0.2868	0.2868	0.2868	0.2868	0.2868
0.1475	0.1475	0.1475	0.1475	0.1475	0.1475	0.1475	0.1475	0.1475	0.1475	0.1475	0.1475	0.1475	0.2375	0.3276	0.3276	0.3276	0.3276	0.6244	0.6244	0.6244	0.7174	0.7174	0.7174	0.8748	0.8748	0.8748	0.8181	0.8181	0.8181	0.8181	0.8181	0.8181	0.8181	0.8181	0.8423	0.8423	0.8423	0.8666	0.8666	0.8666	0.8666	0.8666	0.8666	0.7811	0.7811	0.7811	0.7645	0.7480	0.7480	0.7480	0.7480	0.7480	0.7480	0.7480	0.7480	0.7480	0.7480	0.7480	0.7480	0.7480	0.7480	0.7480	0.7480	0.7480	0.7480	0.7480	0.7480	0.7480
0.3438	0.3438	0.3438	0.3438	0.3438	0.3438	0.3438	0.3438	0.3438	0.3438	0.3438	0.3438	0.3438	0.4397	0.5356	0.5356	0.5356	0.5356	0.9140	0.9140	0.9140	0.9490	0.9490	0.9490	0.9819	0.9819	0.9819	0.9588	0.9588	0.9588	0.9588	0.9588	0.9588	0.9588	0.9588	0.9711	0.9711	0.9711	0.9833	0.9833	0.9833	0.9833	0.9833	0.9833	0.9537	0.9537	0.9537	0.9550	0.9564	0.9564	0.9564	0.9564	0.9564	0.9564	0.9564	0.9564	0.9564	0.9564	0.9564	0.9564	0.9564	0.9564	0.9564	0.9564	0.9564	0.9564	0.9564	0.9564	0.9564
0.6134	0.6134	0.6134	0.6134	0.6134	0.6134	0.6134	0.6134	0.6134	0.6134	0.6134	0.6134	0.6134	0.6726	0.7319	0.7319	0.7319	0.7319	0.9855	0.9855	0.9855	0.9927	0.9927	0.9927	0.9976	0.9976	0.9976	0.9918	0.9918	0.9918	0.9918	0.9918	0.9918	0.9918	0.9918	0.9949	0.9949	0.9949	0.9981	0.9981	0.9981	0.9981	0.9981	0.9981	0.9917	0.9917	0.9917	0.9928	0.9939	0.9939	0.9939	0.9939	0.9939	0.9939	0.9939	0.9939	0.9939	0.9939	0.9939	0.9939	0.9939	0.9939	0.9939	0.9939	0.9939	0.9939	0.9939	0.9939	0.9939
0.8277	0.8277	0.8277	0.8277	0.8277	0.8277	0.8277	0.8277	0.8277	0.8277	0.8277	0.8277	0.8277	0.8469	0.8660	0.8660	0.8660	0.8660	0.9977	0.9977	0.9977	0.9990	0.9990	0.9990	0.9997	0.9997	0.9997	0.9984	0.9984	0.9984	0.9984	0.9984	0.9984	0.9984	0.9984	0.9991	0.9991	0.9991	0.9998	0.9998	0.9998	0.9998	0.9998	0.9998	0.9986	0.9986	0.9986	0.9989	0.9992	0.9992	0.9992	0.9992	0.9992	0.9992	0.9992	0.9992	0.9992	0.9992	0.9992	0.9992	0.9992	0.9992	0.9992	0.9992	0.9992	0.9992	0.9992	0.9992	0.9992
0.9357	0.9357	0.9357	0.9357	0.9357	0.9357	0.9357	0.9357	0.9357	0.9357	0.9357	0.9357	0.9357	0.9372	0.9386	0.9386	0.9386	0.9386	0.9996	0.9996	0.9996	0.9999	0.9999	0.9999	1.0000	1.0000	1.0000	0.9997	0.9997	0.9997	0.9997	0.9997	0.9997	0.9997	0.9997	0.9998	0.9998	0.9998	1.0000	1.0000	1.0000	1.0000	1.0000	1.0000	0.9998	0.9998	0.9998	0.9998	0.9999	0.9999	0.9999	0.9999	0.9999	0.9999	0.9999	0.9999	0.9999	0.9999	0.9999	0.9999	0.9999	0.9999	0.9999	0.9999	0.9999	0.9999	0.9999	0.9999	0.9999
0.9778	0.9778	0.9778	0.9778	0.9778	0.9778	0.9778	0.9778	0.9778	0.9778	0.9778	0.9778	0.9778	0.9755	0.9731	0.9731	0.9731	0.9731	0.9999	0.9999	0.9999	1.0000	1.0000	1.0000	1.0000	1.0000	1.0000	0.9999	0.9999	0.9999	0.9999	0.9999	0.9999	0.9999	0.9999	1.0000	1.0000	1.0000	1.0000	1.0000	1.0000	1.0000	1.0000	1.0000	1.0000	1.0000	1.0000	1.0000	1.0000	1.0000	1.0000	1.0000	1.0000	1.0000	1.0000	1.0000	1.0000	1.0000	1.0000	1.0000	1.0000	1.0000	1.0000	1.0000	1.0000	1.0000	1.0000	1.0000	1.0000
0.9926	0.9926	0.9926	0.9926	0.9926	0.9926	0.9926	0.9926	0.9926	0.9926	0.9926	0.9926	0.9926	0.9905	0.9885	0.9885	0.9885	0.9885	1.0000	1.0000	1.0000	1.0000	1.0000	1.0000	1.0000	1.0000	1.0000	1.0000	1.0000	1.0000	1.0000	1.0000	1.0000	1.0000	1.0000	1.0000	1.0000	1.0000	1.0000	1.0000	1.0000	1.0000	1.0000	1.0000	1.0000	1.0000	1.0000	1.0000	1.0000	1.0000	1.0000	1.0000	1.0000	1.0000	1.0000	1.0000	1.0000	1.0000	1.0000	1.0000	1.0000	1.0000	1.0000	1.0000	1.0000	1.0000	1.0000	1.0000	1.0000
0.9975	0.9975	0.9975	0.9975	0.9975	0.9975	0.9975	0.9975	0.9975	0.9975	0.9975	0.9975	0.9975	0.9963	0.9951	0.9951	0.9951	0.9951	1.0000	1.0000	1.0000	1.0000	1.0000	1.0000	1.0000	1.0000	1.0000	1.0000	1.0000	1.0000	1.0000	1.0000	1.0000	1.0000	1.0000	1.0000	1.0000	1.0000	1.0000	1.0000	1.0000	1.0000	1.0000	1.0000	1.0000	1.0000	1.0000	1.0000	1.0000	1.0000	1.0000	1.0000	1.0000	1.0000	1.0000	1.0000	1.0000	1.0000	1.0000	1.0000	1.0000	1.0000	1.0000	1.0000	1.0000	1.0000	1.0000	1.0000	1.0000
