# nIndexSeries
3
# idxIndex
2 3 4
# idxFirstYear
22 54 46
# idxLastYear
69 69 68
# fracYearSurvey
0.708 0.583 0.667

## idxSeries
# DFO_RV
-1	-1	-1	-1	-1	-1	-1	-1	-1	-1	-1	-1	-1	-1	-1	-1	-1	-1	-1	-1	-1	77265.6	94491.4	77940.1	77106.3	60827.6	74409.6	99358.3	188372.3	228672.6	245722.5	401070.9	325166.8	234759.6	196384.1	320287.4	260444.8	184406.2	312787.2	226642.0	143878.1	112996.3	53512.2	68145.4	66667.7	73311.6	93809.2	73568.1	72013.1	83950.7	68182.8	63522.4	103448.6	-1.0	71558.1	30975.9	43370.0	38131.5	43750.5	43502.3	22188.0	11972.5	11472.5	41765.3	25611.1	26939.9	17613.8	6717.7	8822.6


# MS
-1	-1	-1	-1	-1	-1	-1	-1	-1	-1	-1	-1	-1	-1	-1	-1	-1	-1	-1	-1	-1	-1	-1	-1	-1	-1	-1	-1	-1	-1	-1	-1	-1	-1	-1	-1	-1	-1	-1	-1	-1	-1	-1	-1	-1	-1	-1	-1	-1	-1	-1	-1	-1	62701.92	43557.28	29722.49	24793.25	38972.27	34563.41	33908.43	22366.39	25855.94	11914.31	9716.41	15538.49	7531.10	6924.62	3636.21	7264.23


# LL
-1	-1	-1	-1	-1	-1	-1	-1	-1	-1	-1	-1	-1	-1	-1	-1	-1	-1	-1	-1	-1	-1	-1	-1	-1	-1	-1	-1	-1	-1	-1	-1	-1	-1	-1	-1	-1	-1	-1	-1	-1	-1	-1	-1	-1	61.983	140.503	183.481	63.610	111.501	127.311	97.005	81.487	99.092	102.128	64.468	49.005	29.316	26.471	19.959	17.650	12.601	24.387	17.864	14.520	12.555	21.645	22.011	-1
