## fishery PAA
# FminAge
 2
# FmaxAge
 11
# FminYr
 1  
# FmaxYr
 42 
## fishery proportions at age (2,11,1,40)
# FpaaNorth
0.003960786 0.076410783 0.141763834 0.151177849 0.044805975 0.003425973 0.014288584 0.001704487 0.00800973  0.077215499 0.001655242 0.00282167  0.0220569 0.001379765 0.000101417 0.001010345 0 0.000152121 0 0.004417233 0.00044281  0.007318305 0.008180646 0.01517999  0.002913424 0.002023127 0.000896236 0.006412609 0.007066348 0.013175096 0.017650923 0.006785216 0 0 0.000113806 0 0.000503827 0 0.000361082 0 0 0
0.100023254 0.281618312 0.501262779 0.560711053 0.356787605 0.337204693 0.255973137 0.076819961 0.128863149 0.237744105 0.180870955 0.131601159 0.161831375 0.354302396 0.061514717 0.079184986 0.045308369 0.034143272 0.137818743 0.134643082 0.123276896 0.22831664  0.170426009 0.261567593 0.229007063 0.138566156 0.326595184 0.065310527 0.070736068 0.174390969 0.261631095 0.260015518 0.049230936 0.030982667 0.007255017 0.016436512 0.001291029 0.019652553 0.037881414 0.012294702 5.26644E-06 0.00094713
0.208222131 0.198662907 0.170943165 0.225807387 0.365542074 0.188147776 0.300858287 0.262058712 0.13076594  0.144380182 0.298314148 0.219172651 0.141194353 0.255565423 0.383550816 0.291400972 0.116391525 0.180633474 0.24485345  0.420989365 0.322861652 0.292969306 0.500970882 0.297216598 0.311341002 0.292865238 0.325869583 0.521940551 0.360407  0.172703882 0.170617958 0.424467306 0.331703771 0.109310872 0.121139511 0.13925605  0.073850015 0.046623258 0.113705456 0.100840216 0.025493079 0.024755668
0.233798728 0.139499995 0.059691741 0.030653436 0.190569388 0.335293437 0.209990156 0.243629334 0.282082376 0.123275728 0.136519912 0.254154357 0.206635531 0.094368299 0.206263395 0.350905121 0.234185804 0.190278315 0.236276133 0.179216089 0.310070966 0.299230463 0.194167042 0.309684477 0.229608459 0.188853941 0.146725668 0.239960979 0.390258402 0.324561071 0.201334345 0.123374808 0.333524696 0.37433495  0.253804233 0.356807759 0.193821034 0.287174655 0.249262409 0.151554487 0.234073161 0.226643
0.04457868  0.087111236 0.051052091 0.010215203 0.021430819 0.102437725 0.14800209  0.178003642 0.237821392 0.183317135 0.107436878 0.146181763 0.204871169 0.094562488 0.078323595 0.119353456 0.365613228 0.212664973 0.119539841 0.118383085 0.089432494 0.112312177 0.06898673  0.076781352 0.131031865 0.130983108 0.083845579 0.08326992  0.095003911 0.23250182  0.158079341 0.102922706 0.149085624 0.344106949 0.367590029 0.27889569  0.38128971  0.255212388 0.287049226 0.269483848 0.307423758 0.433016962
0.075100341 0.045544639 0.027075659 0.012334722 0.00699079  0.022712707 0.052947115 0.127790438 0.121313442 0.109361861 0.117104941 0.065222834 0.085517817 0.098091538 0.07618968  0.044987082 0.108850567 0.234911714 0.10661297  0.047215453 0.071415481 0.028082862 0.037190372 0.024463146 0.063729899 0.146118497 0.059440216 0.039921465 0.026035197 0.057696565 0.150810483 0.060371833 0.065812323 0.048495438 0.16601338  0.154615079 0.200511582 0.264183892 0.205499675 0.311242697 0.250147151 0.165359436
0.139394463 0.032780907 0.013891389 0.002069569 0.003839295 0.00440885  0.010033705 0.064464477 0.054916773 0.079942429 0.0730775 0.080705701 0.061448573 0.037221831 0.064271454 0.041736404 0.055858517 0.084006885 0.108833067 0.038999151 0.030895748 0.017703584 0.009656439 0.009325677 0.016768194 0.063711674 0.038716221 0.023644104 0.029978765 0.01160545  0.025164301 0.016713607 0.048669057 0.045173875 0.03334943  0.040997504 0.130118535 0.095500366 0.068125184 0.10878956  0.118728498 0.105089526
0.01531535  0.053789748 0.017049495 0.004852102 0.002656974 0.001598287 0.004529333 0.036439944 0.022768698 0.028004472 0.032497345 0.052383216 0.068663468 0.019065526 0.036143066 0.023550961 0.027202231 0.030875284 0.024936182 0.039305166 0.016619345 0.007204113 0.005533473 0.003572739 0.008007491 0.021261452 0.012042719 0.017439683 0.012662635 0.008381603 0.005931058 0.002930901 0.019092513 0.036804417 0.037606379 0.010363518 0.016290467 0.023129504 0.031800545 0.038971439 0.04684419  0.033224362
0.022938042 0.01424285  0.010896293 0.002178678 0.002138574 0.003719885 0.002451433 0.009089004 0.011044957 0.01376274  0.035606944 0.036221341 0.045405611 0.031411854 0.05790119  0.027185205 0.040566909 0.026379616 0.018465975 0.013773604 0.033253988 0.005914437 0.003837481 0.002025916 0.005398507 0.012879251 0.005868595 0.001800459 0.007380759 0.004882287 0.008780496 0.002418106 0.002880693 0.010714462 0.0130969 0.002138417 0.002323802 0.008116175 0.006067449 0.006823052 0.017265806 0.010743765
0.156668226 0.070338623 0.006373554 0 0.005238506 0.001050666 0.000926159 0 0.002413543 0.00299585  0.016916134 0.011535308 0.002375203 0.014030882 0.035740671 0.020685468 0.006022849 0.005954346 0.002663639 0.003057771 0.00173062  0.000948112 0.001050926 0.000182512 0.002194095 0.002737556 0 0.000299704 0.000470914 0.000101256 0 0 3.86748E-07 7.63681E-05 3.13124E-05 0.000489472 0 0.000407209 0.00024756  0 1.90908E-05 0.000220152

# FpaaMiddle
0.001078726 0 0.012846023 0.000153971 0 0 0 0 0 0.000104555 0 0 0 0 0 0 0 0 0 0 0 0 0 0 0 0 0 0.002509075 3.26262E-05 0 0 0 0 0 0 0 0 0 0 0 0 0
0.052527923 0.026699424 0.166262711 0.113388592 0.022438377 0.218465482 0.010721812 0.010274532 0.012916493 0.041078897 0.078998162 0.0042222 0.03299711  0.006429017 0.001197519 0 0 0 0.000366098 0.041128762 0.002921118 0 0.00029342  0.011558627 0.016935955 0.003875482 0.000414337 0.021585492 0.00077801  0.011681493 0.037697914 0.002571868 0.001552916 7.06773E-06 0.000227105 0.000208308 0 0 0.028643781 0.004919352 0 0
0.282135345 0.159988537 0.15126693  0.545635374 0.419617264 0.423671894 0.259973565 0.058776747 0.218437804 0.111349993 0.245498524 0.144561128 0.215231502 0.368285522 0.244643521 0.018307559 0.045320716 0.005346161 0.158194285 0.195936219 0.173736894 0.264545356 0.246457272 0.166404003 0.271569012 0.177967135 0.154009612 0.18016297  0.052699723 0.04540286  0.321877189 0.208635817 0.039482499 0.010603427 0.005054505 0.032451575 0 0.013470878 0.021400958 0.005386354 0.003910487 0.006769867
0.150960302 0.087654121 0.286165548 0.144675832 0.434825307 0.146025816 0.393408152 0.334044939 0.182961596 0.206330536 0.222274547 0.269116331 0.156814252 0.101958634 0.573355395 0.317283031 0.065608263 0.236209891 0.079827909 0.409575805 0.156062301 0.351551299 0.471263868 0.40949456  0.238928942 0.373154467 0.279416185 0.355338175 0.231850894 0.1096593 0.068074087 0.370689222 0.263156906 0.054677267 0.060211206 0.041827374 0.170676033 0.03947228  0.064223836 0.041908664 0.043842669 0.012278693
0.042956756 0.161964763 0.089467782 0.085643065 0.051220249 0.165774997 0.137006943 0.261224035 0.334014495 0.178906733 0.195099013 0.238410913 0.164805231 0.079669843 0.081363314 0.416657256 0.324769165 0.081783643 0.422765731 0.072592064 0.334229538 0.139054317 0.173657585 0.290451198 0.217233474 0.174613468 0.197196974 0.243179479 0.386887938 0.311044361 0.118719019 0.085840479 0.387718794 0.318226366 0.268068665 0.237257882 0.09416848  0.37317381  0.346578417 0.143935328 0.161456787 0.111188774
0.06301997  0.038988144 0.039491572 0.040249692 0.031425323 0.032066817 0.142706698 0.14118856  0.153295987 0.358330242 0.091317737 0.129424641 0.286814704 0.106463122 0.035257698 0.079218414 0.435279609 0.2850147 0.041131791 0.152182112 0.061322097 0.087787628 0.056099922 0.08800488  0.20276689  0.117765298 0.140659466 0.073894122 0.142888654 0.314132892 0.140801096 0.189596604 0.112663237 0.408612421 0.356980132 0.362386342 0.303305241 0.160891053 0.284459727 0.265702585 0.42461409  0.374565941
0.210781186 0.088076633 0.052111516 0.044406373 0.027592628 0.009468571 0.043706553 0.133058693 0.059406536 0.034824322 0.095087345 0.081779475 0.06013801  0.122648476 0.019399001 0.039622714 0.05321041  0.247302289 0.11153989  0.030091607 0.10988415  0.035490227 0.031084721 0.018984477 0.037259898 0.117827688 0.124860289 0.059292186 0.072861337 0.120932343 0.225100395 0.091195266 0.098451832 0.077816752 0.251192957 0.219644874 0.334918906 0.267288738 0.158680818 0.326132134 0.313636764 0.17740789
0.011142658 0.080129012 0.103588446 0.003527566 4.18572E-05 0.003030098 0.010105845 0.050900444 0.028928933 0.031438472 0.070414544 0.072205061 0.043465481 0.073924047 0.014350696 0.026718148 0.017123051 0.033192777 0.124912933 0.035498218 0.023633711 0.077754601 0.009235607 0.006274089 0.004890947 0.026421905 0.073205385 0.042695765 0.054360314 0.048343324 0.040601231 0.031730321 0.056158884 0.058557712 0.028594901 0.095492501 0.064500279 0.10795679  0.070923012 0.185651435 0.031530514 0.23243889
0.006600423 0.054593807 0.028096429 0.005770083 1.3218E-05  0.000724356 0.001386645 0.01039504  0.003800659 0.035391421 0.00128278  0.03328478  0.032767311 0.03804142  0.007468338 0.041137485 0.02172568  0.005727676 0.030511007 0.037702158 0.05300152  0.007571361 0.008238066 0 0.004150989 0.003468681 0.025396001 0.018358932 0.043056302 0.024160588 0.038363335 0.013506511 0.026184551 0.054990603 0.016091183 0.008867804 0.032416648 0.03774645  0.025089452 0.025459747 0.021008688 0.071132962
0.17879671  0.301905559 0.070703043 0.016549451 0.012825776 0.000771969 0.000983788 0.000137011 0.006237496 0.00224483  2.73481E-05 0.02699547  0.006966399 0.102579918 0.022964518 0.061055395 0.036963106 0.105422864 0.030750355 0.025293054 0.08520867  0.036245211 0.003669538 0.008828166 0.006263894 0.004905876 0.00484175  0.002983804 0.014584202 0.014642838 0.008765733 0.006233911 0.014630381 0.016508384 0.013579347 0.001863339 1.44124E-05 0 0 0.000904402 0 0.014216983

# FpaaSouth
 0.03154401 0.169316668 0.008346376 0.03511373  0 0 0 0 0.013331247 8.96247E-05 0 0 0 0 0 0 0 0.000397589 0 0 0 0.000279542 0.003032305 0.009483681 0.010933671 0.00184047  0.005989816 0 0.003090315 0 7.60394E-06 0 0 0 0 0 0 0 0 0 0 0
0.450102713 0.066311569 0.334038085 0.295855952 0.049952091 0.080105796 0.021828051 0.010612032 0.040761545 0.021448905 0.010248901 0.002146649 0.015075682 0.0042367 0.003316956 0 0 0.008623724 0.020371815 0.036401594 5.22244E-05 0.011454481 0.025709468 0.071635768 0.032073254 0.037578487 0.027520175 3.51587E-05 0.005288564 0.007713763 0.005418454 0.005646912 5.24006E-05 9.44944E-06 0 0.000322349 0 0.001800474 0.012559091 0.000116088 0 0
0.173535379 0.28450032  0.153131933 0.459092412 0.383132072 0.366677449 0.49516699  0.108126761 0.43964161  0.190363327 0.092450844 0.0636333 0.086838332 0.298051796 0.077687374 0.025319013 0.056029314 0.010947012 0.08267986  0.083873283 0.175329769 0.133233356 0.151928265 0.053087804 0.272357097 0.101326036 0.15521446  0.005345767 0.039702581 0.004132604 0.090106277 0.032978095 0.03141898  0.005262159 0.000558565 0.013093599 0.012862879 2.18801E-05 0.018817497 0.024517355 0.001542846 0.002818604
0.079500782 0.15872459  0.265059985 0.107740965 0.217497294 0.243462137 0.197757885 0.47424253  0.124366203 0.215444968 0.350033877 0.09792012  0.087019766 0.102684425 0.374720339 0.247992255 0.025335633 0.175818574 0.059800723 0.445337737 0.084013256 0.436218701 0.430165927 0.309122321 0.138012496 0.443013855 0.195171959 0.155573159 0.104977023 0.127080758 0.032893888 0.28408479  0.117504911 0.127056709 0.025160705 0.026653966 0.093343542 0.053687686 0.143773895 0.019196253 0.065466549 0.004170889
0.025450494 0.098131906 0.116298102 0.046430139 0.168304379 0.164443947 0.16335731  0.207665288 0.257798701 0.102877346 0.20242874  0.390996177 0.096542297 0.07808972  0.071853167 0.313801734 0.235256907 0.059296677 0.226150589 0.049820121 0.297499017 0.079246912 0.255460017 0.293507174 0.248077303 0.093692437 0.367303912 0.257146393 0.266016741 0.187334035 0.122130349 0.142288113 0.428227902 0.126180105 0.269422035 0.216049199 0.065886588 0.256106813 0.376339774 0.235812836 0.269095274 0.175430393
0.037649323 0.026958502 0.058324708 0.030241837 0.114241226 0.051954229 0.080780553 0.101782673 0.072091853 0.236887821 0.10200591  0.196703434 0.445723802 0.07127888  0.046148097 0.087975521 0.320704523 0.251704134 0.093106137 0.181111388 0.07559032  0.176680317 0.04423375  0.176753983 0.200852454 0.167736466 0.09399066  0.401225793 0.270285581 0.340588407 0.22372265  0.283576436 0.111076565 0.426496914 0.302519247 0.471401427 0.244629927 0.13708071  0.206259993 0.475027889 0.265405909 0.436768077
0.072305473 0.041592042 0.015340198 0.012515114 0.041786978 0.056553258 0.02432322  0.06978396  0.035111515 0.10646307  0.141421791 0.086521911 0.123899448 0.2257894 0.082637169 0.043030819 0.039888374 0.222380056 0.179964646 0.031945681 0.173728292 0.049334106 0.05317898  0.037958455 0.05866088  0.113086192 0.083566511 0.076252511 0.19973673  0.211621614 0.278354338 0.093731359 0.138194503 0.136715053 0.3247557 0.173204072 0.435500024 0.380181714 0.151772668 0.168306357 0.307219365 0.184105946
0.014967332 0.026483523 0.019364523 0.008342306 0.017685203 0.025655302 0.01250117  0.016267523 0.01104544  0.072440096 0.064212357 0.117115515 0.05633077  0.077407605 0.175483757 0.060403892 0.056624268 0.056718144 0.163450816 0.062353542 0.034110705 0.059242173 0.010248035 0.027713789 0.014940636 0.029764475 0.048373016 0.077736866 0.06605841  0.068060985 0.127476472 0.049721182 0.090429946 0.068000726 0.034634656 0.092599863 0.097766434 0.105013567 0.06891877  0.062677207 0.058898969 0.135320606
0.016901633 0.007211099 0.016302494 0.003765031 0.004076778 0.002464179 0.003379346 0.010700817 0.002361391 0.031491596 0.021947909 0.030325539 0.057871242 0.053290846 0.073152613 0.067993694 0.097912141 0.062240181 0.045081167 0.055101484 0.068561425 0.019724218 0.015332462 0.007800158 0.015831684 0.005188296 0.014248849 0.021827783 0.035059774 0.040539319 0.067624033 0.072071569 0.050703199 0.039659651 0.009826509 0.003384977 0.048519404 0.059237215 0.020195385 0.013175299 0.027545376 0.043033574
0.098042861 0.120769781 0.013793597 0.000902513 0.003323978 0.008683704 0.000905476 0.000818415 0.003490497 0.022493246 0.01524967  0.014637354 0.030698661 0.089170628 0.095000528 0.153483072 0.168248841 0.151873909 0.129394247 0.05405517  0.091114991 0.034586196 0.010710792 0.012936866 0.008260527 0.006773288 0.008620642 0.004856569 0.009784282 0.012928516 0.052265936 0.035901544 0.032391594 0.070619234 0.033122582 0.003290549 0.001491202 0.006869943 0.001362927 0.001170716 0.004825712 0.018351911

## cpue PAA
# CminAge
 4
# CmaxAge
 10
# CminYr
 9  
# CmaxYr
 42 
## cpue proportions at age (4,10,9,40)
# CpaaNorth
-1  -1  -1  -1  -1  -1  -1  -1  -1  -1  -1  -1  -1  -1  -1  -1  -1  -1  -1  -1  -1  -1  -1  -1  -1  -1  -1  -1  -1  -1  -1  -1  -1  -1  -1  -1  -1  -1  -1  -1  -1  -1
-1  -1  -1  -1  -1  -1  -1  -1  -1  -1  -1  -1  -1  -1  -1  -1  -1  -1  -1  -1  -1  -1  -1  -1  -1  -1  -1  -1  -1  -1  -1  -1  -1  -1  -1  -1  -1  -1  -1  -1  -1  -1
-1  -1  -1  -1  -1  -1  -1  -1  0.145848522 0.272633571 0.203210537 0.158229297 0.160800186 0.470404036 0.080960956 0.036975557 0.056672561 0.03244112  0.174802905 0.138163595 0.127049956 0.226092731 0.17350063  0.25721866  0.291082206 0.140248005 0.378539316 0.049390148 0.066434894 0.060030944 0.227209577 0.250033374 0.043329156 0.024440528 0.002242679 0.014405911 0.001577832 0.001540957 0.022376944 0.010538013 0 0.001058132
-1  -1  -1  -1  -1  -1  -1  -1  0.143130874 0.164566852 0.349099152 0.25822112  0.1467994 0.119617024 0.491315711 0.380098152 0.091100571 0.235559531 0.211445587 0.476136902 0.348174355 0.272129858 0.565993073 0.325173269 0.318421281 0.295091483 0.282458546 0.551551459 0.412649936 0.177625294 0.144508276 0.426645593 0.370536152 0.094223002 0.123727228 0.123240581 0.076972609 0.04528306  0.092519528 0.100276564 0.021540592 0.014113567
-1  -1  -1  -1  -1  -1  -1  -1  0.322522687 0.149279914 0.134020225 0.275950819 0.227858529 0.08824752  0.140477886 0.440806707 0.272930601 0.109131128 0.284439183 0.14679289  0.332387428 0.338446704 0.150598333 0.335055035 0.223295578 0.19811958  0.137178599 0.219779097 0.400349185 0.403873742 0.230842735 0.117449008 0.319770246 0.394792295 0.253645108 0.397186161 0.169659593 0.321718828 0.251885733 0.151249302 0.258968521 0.239131642
-1  -1  -1  -1  -1  -1  -1  -1  0.225875766 0.222672261 0.118870827 0.134175042 0.241814775 0.130918067 0.081899986 0.061842905 0.411908537 0.263245873 0.062496894 0.13080051  0.083236573 0.120236076 0.063399711 0.051210712 0.12006351  0.139701475 0.083061448 0.084646187 0.059516622 0.277797277 0.187208581 0.116059834 0.110646058 0.357613515 0.378064227 0.284906501 0.423338291 0.239238054 0.31183612  0.272207916 0.31368501  0.447512394
-1  -1  -1  -1  -1  -1  -1  -1  0.107132554 0.101956846 0.108867567 0.06149534  0.091369196 0.125289894 0.089137902 0.034590555 0.078497395 0.279396894 0.11885856  0.025173564 0.079266761 0.023792736 0.034783325 0.023069718 0.031358332 0.16678079  0.064433585 0.046696493 0.016893741 0.059284284 0.180929762 0.067654757 0.073875816 0.040570818 0.169142491 0.14634742  0.194870163 0.288335974 0.217403938 0.315868774 0.244573867 0.155603444
-1  -1  -1  -1  -1  -1  -1  -1  0.048912514 0.061769084 0.057876924 0.077302686 0.064033734 0.040327657 0.078423455 0.035605718 0.060967976 0.048869213 0.129592401 0.043745105 0.011422573 0.015162046 0.006744487 0.006306582 0.009336682 0.041746738 0.044176159 0.028068446 0.031864031 0.011067734 0.021927704 0.018817333 0.058121981 0.046314051 0.033664911 0.031404012 0.1318516 0.089639352 0.070744587 0.110415837 0.118620828 0.107952452
-1  -1  -1  -1  -1  -1  -1  -1  0.006577084 0.027121472 0.028054768 0.034625695 0.067324179 0.025195802 0.037784104 0.010080407 0.027922358 0.031356241 0.01836447  0.039187433 0.018462355 0.004139849 0.004980442 0.001966025 0.006442412 0.01831193  0.010152347 0.01986817  0.012291591 0.010320725 0.007373366 0.0033401 0.023720591 0.042045791 0.039513354 0.002509415 0.001729912 0.014243776 0.03323315  0.039443594 0.042611183 0.034628369
-1  -1  -1  -1  -1  -1  -1  -1  -1  -1  -1  -1  -1  -1  -1  -1  -1  -1  -1  -1  -1  -1  -1  -1  -1  -1  -1  -1  -1  -1  -1  -1  -1  -1  -1  -1  -1  -1  -1  -1  -1  -1

# CpaaMiddle
-1  -1  -1  -1  -1  -1  -1  -1  -1  -1  -1  -1  -1  -1  -1  -1  -1  -1  -1  -1  -1  -1  -1  -1  -1  -1  -1  -1  -1  -1  -1  -1  -1  -1  -1  -1  -1  -1  -1  -1  -1  -1
-1  -1  -1  -1  -1  -1  -1  -1  -1  -1  -1  -1  -1  -1  -1  -1  -1  -1  -1  -1  -1  -1  -1  -1  -1  -1  -1  -1  -1  -1  -1  -1  -1  -1  -1  -1  -1  -1  -1  -1  -1  -1
-1  -1  -1  -1  -1  -1  -1  -1  0.223271998 0.11472856  0.266299876 0.149959595 0.220938089 0.409284528 0.246458834 0.019284523 0.041767898 0.005613236 0.130069687 0.196051068 0.203882411 0.274494466 0.247437858 0.169867047 0.276332201 0.179543773 0.154823377 0.061648818 0.049325479 0.040003355 0.337561529 0.210489339 0.035623473 0.010781488 0.004604086 0.020773189 0 0.006028636 0.012890529 0.00515698  0.004267692 0.006867502
-1  -1  -1  -1  -1  -1  -1  -1  0.185350248 0.216306533 0.242724427 0.27797052  0.159676196 0.110836243 0.598039178 0.364127813 0.067467705 0.262497738 0.08027253  0.445138923 0.171504662 0.364772558 0.473138898 0.418016578 0.246784841 0.3764603 0.280892581 0.379983097 0.224935436 0.114596773 0.071391182 0.373982429 0.267240132 0.055595451 0.06047249  0.039574144 0.147288757 0.038399467 0.056759686 0.041569497 0.040136268 0.012455776
-1  -1  -1  -1  -1  -1  -1  -1  0.342712461 0.188158819 0.213088837 0.247527157 0.173289056 0.091265741 0.081568149 0.456950138 0.33935987  0.08937015  0.460913861 0.080259435 0.348090015 0.144283918 0.174348521 0.296495797 0.218227323 0.176160396 0.198238936 0.307735011 0.400698829 0.31778052  0.124503926 0.086603087 0.396181442 0.323570276 0.271216044 0.247755643 0.092213506 0.367256447 0.364037163 0.143860745 0.166374598 0.112792341
-1  -1  -1  -1  -1  -1  -1  -1  0.156286072 0.375872897 0.097820365 0.134759281 0.30503631  0.119883121 0.03391707  0.078008705 0.456508925 0.321224296 0.039844584 0.167252464 0.070197845 0.091089174 0.056323128 0.089836355 0.211088171 0.118808598 0.141402691 0.092539707 0.148037172 0.327864903 0.147662011 0.191280982 0.115462372 0.415474165 0.36393932  0.37033459  0.315271747 0.163352274 0.298789269 0.267776845 0.420810597 0.379967939
-1  -1  -1  -1  -1  -1  -1  -1  0.060663076 0.035519119 0.102428795 0.083047134 0.062949855 0.141543684 0.01931222  0.032888317 0.055713453 0.279183505 0.119805811 0.031689817 0.131027789 0.036824955 0.031208399 0.019379565 0.037896351 0.118871542 0.125520033 0.079727983 0.075484797 0.124838218 0.236069023 0.092005446 0.100974111 0.079123513 0.254431585 0.226958531 0.347494163 0.277206271 0.1666743 0.328911703 0.319944428 0.17996647
-1  -1  -1  -1  -1  -1  -1  -1  0.027975473 0.032763442 0.07630919  0.073460738 0.04389277  0.087129477 0.013944256 0.022877105 0.017625237 0.035733898 0.137357318 0.038025266 0.023756682 0.080678822 0.009272352 0.006404659 0.00523128  0.026655981 0.073592192 0.054938164 0.056649123 0.050423917 0.042579637 0.032012214 0.057635404 0.059541059 0.02890827  0.087524125 0.065531599 0.10904562  0.074495729 0.187039987 0.031413689 0.235791128
-1  -1  -1  -1  -1  -1  -1  -1  0.003740671 0.03665063  0.00132851  0.033275575 0.034217723 0.040057206 0.006760293 0.025863398 0.021556912 0.006377176 0.03173621  0.041583027 0.051540596 0.007856107 0.008270843 0 0.004439833 0.00349941  0.02553019  0.023427221 0.044869163 0.024492314 0.040232693 0.013626503 0.026883067 0.055914048 0.016428207 0.007079778 0.032200228 0.038711286 0.026353323 0.025684242 0.017052727 0.072158843
-1  -1  -1  -1  -1  -1  -1  -1  -1  -1  -1  -1  -1  -1  -1  -1  -1  -1  -1  -1  -1  -1  -1  -1  -1  -1  -1  -1  -1  -1  -1  -1  -1  -1  -1  -1  -1  -1  -1  -1  -1  -1

# CpaaSouth
-1  -1  -1  -1  -1  -1  -1  -1  -1  -1  -1  -1  -1  -1  -1  -1  -1  -1  -1  -1  -1  -1  -1  -1  -1  -1  -1  -1  -1  -1  -1  -1  -1  -1  -1  -1  -1  -1  -1  -1  -1  -1
-1  -1  -1  -1  -1  -1  -1  -1  -1  -1  -1  -1  -1  -1  -1  -1  -1  -1  -1  -1  -1  -1  -1  -1  -1  -1  -1  -1  -1  -1  -1  -1  -1  -1  -1  -1  -1  -1  -1  -1  -1  -1
-1  -1  -1  -1  -1  -1  -1  -1  0.466298678 0.196980965 0.09452047  0.065018603 0.089112957 0.32457785  0.080423792 0.030576525 0.041599987 0.0086603 0.07069954  0.084994494 0.197473501 0.144948067 0.120447194 0.028880012 0.282994404 0.065236461 0.091813581 0.005372046 0.037633027 0.002907513 0.095622956 0.034407681 0.028759764 0.005662063 0.000518766 0.008319232 0.004876757 0 0.011296374 0.02340031  0.001689907 0.002871298
-1  -1  -1  -1  -1  -1  -1  -1  0.131098094 0.226693224 0.362001349 0.099623336 0.088580309 0.109382746 0.449526205 0.326293183 0.008818379 0.201081698 0.042330064 0.507464851 0.09284889  0.524943382 0.47051733  0.357555022 0.120077938 0.538455676 0.211973839 0.156337921 0.103060909 0.130171424 0.034907787 0.296399741 0.121061081 0.136712536 0.025765356 0.025030503 0.080262014 0.05199122  0.12663783  0.018981687 0.060150241 0.004248864
-1  -1  -1  -1  -1  -1  -1  -1  0.275303829 0.108546832 0.20946063  0.399852386 0.101480455 0.087658521 0.065139548 0.394555478 0.284386546 0.06950158  0.277405526 0.045578622 0.330403669 0.071253865 0.280820176 0.334453748 0.271468847 0.083708712 0.466450654 0.258410467 0.270259194 0.190391766 0.129607674 0.148456241 0.443929349 0.135769312 0.277929887 0.223930051 0.064285751 0.250900626 0.393970771 0.234957717 0.278300959 0.178710064
-1  -1  -1  -1  -1  -1  -1  -1  0.076442799 0.249303368 0.102954968 0.201736331 0.473893317 0.078651347 0.03799822  0.099321128 0.392482863 0.309469197 0.099600676 0.193049716 0.083364633 0.158424187 0.045731237 0.215241867 0.225615284 0.175687978 0.092187287 0.403198128 0.27803487  0.34876454  0.237419876 0.29586935  0.115489451 0.458909057 0.314463871 0.47815661  0.253363149 0.138545358 0.215922988 0.47724756  0.263985925 0.444933456
-1  -1  -1  -1  -1  -1  -1  -1  0.037314281 0.109853106 0.143927636 0.086543985 0.129652138 0.255339701 0.090999908 0.040948681 0.053260372 0.263965243 0.23199448  0.033450557 0.186972849 0.030996399 0.054789343 0.031651789 0.067904089 0.111688733 0.084759989 0.076627352 0.206593322 0.216626169 0.295396341 0.097794572 0.143793291 0.147104877 0.335392356 0.177639831 0.450219974 0.392496652 0.158883007 0.169212959 0.314538704 0.187547806
-1  -1  -1  -1  -1  -1  -1  -1  0.011122272 0.075890505 0.065790035 0.11736336  0.056866803 0.089402458 0.201127565 0.059295607 0.069971978 0.070139534 0.221423502 0.069810465 0.036820947 0.050633996 0.010632395 0.025326361 0.017137234 0.021856022 0.041399372 0.078119003 0.068176721 0.06971971  0.135281109 0.051876574 0.0941553 0.073168522 0.035700737 0.084241418 0.098970933 0.105590785 0.072147519 0.062949627 0.058894332 0.137850425
-1  -1  -1  -1  -1  -1  -1  -1  0.002420048 0.032732002 0.021344912 0.029861999 0.060414021 0.054987377 0.074784763 0.049009397 0.149479876 0.077182448 0.056546213 0.065651295 0.072115512 0.018800104 0.017062325 0.006891201 0.014802205 0.00336642  0.011415278 0.021935084 0.036241958 0.041418879 0.071764256 0.07519584  0.052811764 0.042673634 0.010229026 0.002682354 0.048021423 0.06047536  0.021141511 0.013250141 0.022439932 0.043838087
-1  -1  -1  -1  -1  -1  -1  -1  -1  -1  -1  -1  -1  -1  -1  -1  -1  -1  -1  -1  -1  -1  -1  -1  -1  -1  -1  -1  -1  -1  -1  -1  -1  -1  -1  -1  -1  -1  -1  -1  -1  -1

## xnet PAA
# XminAge
 3 
# XmaxAge
 9
# XminYr
 25 26 25 
# XmaxYr
 42 42 42 
## xnets proportions at age 
# XpaaNorth
-1  -1  -1  -1  -1  -1  -1  -1  -1  -1  -1  -1  -1  -1  -1  -1  -1  -1  -1  -1  -1  -1  -1  -1  -1  -1  -1  -1  -1  -1  -1  -1  -1  -1  -1  -1  -1  -1  -1  -1  -1  -1
-1  -1  -1  -1  -1  -1  -1  -1  -1  -1  -1  -1  -1  -1  -1  -1  -1  -1  -1  -1  -1  -1  -1  -1  0.041379217 0.092581251 0.035325533 0.000458511 0.004403431 -1  0.075923301 0.074199942 0.033035038 0.000111654 0.009411573 0.004014913 -1  0.002823316 0.006141131 0.003996701 1.2186E-05  0.000700309
-1  -1  -1  -1  -1  -1  -1  -1  -1  -1  -1  -1  -1  -1  -1  -1  -1  -1  -1  -1  -1  -1  -1  -1  0.340535806 0.260278312 0.592296756 0.266208985 0.151693524 -1  0.549546355 0.387074852 0.232994763 0.109008427 0.042450066 0.149345925 -1  0.065899039 0.150000121 0.081914226 0.00763403  0.017461591
-1  -1  -1  -1  -1  -1  -1  -1  -1  -1  -1  -1  -1  -1  -1  -1  -1  -1  -1  -1  -1  -1  -1  -1  0.309354451 0.20163485  0.219733151 0.473085672 0.431038666 -1  0.106777876 0.328299727 0.442917523 0.264878219 0.274828673 0.147070836 -1  0.070738211 0.152037376 0.329131962 0.094305289 0.049848649
-1  -1  -1  -1  -1  -1  -1  -1  -1  -1  -1  -1  -1  -1  -1  -1  -1  -1  -1  -1  -1  -1  -1  -1  0.173968177 0.169533054 0.073349586 0.136235745 0.312102413 -1  0.07542384  0.07237407  0.22341216  0.349971307 0.27002709  0.307735926 -1  0.362559132 0.213073158 0.176317112 0.416209136 0.335826579
-1  -1  -1  -1  -1  -1  -1  -1  -1  -1  -1  -1  -1  -1  -1  -1  -1  -1  -1  -1  -1  -1  -1  -1  0.112028276 0.135704717 0.03076207  0.065801759 0.063436609 -1  0.100994269 0.072523076 0.029504753 0.202447495 0.286522969 0.233830698 -1  0.183368137 0.250523123 0.209830379 0.292145437 0.410669236
-1  -1  -1  -1  -1  -1  -1  -1  -1  -1  -1  -1  -1  -1  -1  -1  -1  -1  -1  -1  -1  -1  -1  -1  0.017340057 0.113905911 0.028012894 0.034796775 0.014656171 -1  0.076507951 0.049048253 0.023402757 0.04433003  0.093304414 0.125243483 -1  0.215488723 0.171485095 0.14853762  0.136012192 0.118366595
-1  -1  -1  -1  -1  -1  -1  -1  -1  -1  -1  -1  -1  -1  -1  -1  -1  -1  -1  -1  -1  -1  -1  -1  0.005394014 0.026361905 0.02052001  0.023412552 0.022669186 -1  0.014826409 0.01648008  0.014733006 0.029252868 0.023455215 0.03275822  -1  0.099123441 0.056739995 0.050272001 0.053681729 0.067127041
-1  -1  -1  -1  -1  -1  -1  -1  -1  -1  -1  -1  -1  -1  -1  -1  -1  -1  -1  -1  -1  -1  -1  -1  -1  -1  -1  -1  -1  -1  -1  -1  -1  -1  -1  -1  -1  -1  -1  -1  -1  -1
-1  -1  -1  -1  -1  -1  -1  -1  -1  -1  -1  -1  -1  -1  -1  -1  -1  -1  -1  -1  -1  -1  -1  -1  -1  -1  -1  -1  -1  -1  -1  -1  -1  -1  -1  -1  -1  -1  -1  -1  -1  -1

# XpaaMiddle
-1  -1  -1  -1  -1  -1  -1  -1  -1  -1  -1  -1  -1  -1  -1  -1  -1  -1  -1  -1  -1  -1  -1  -1  -1  -1  -1  -1  -1  -1  -1  -1  -1  -1  -1  -1  -1  -1  -1  -1  -1  -1
-1  -1  -1  -1  -1  -1  -1  -1  -1  -1  -1  -1  -1  -1  -1  -1  -1  -1  -1  -1  -1  -1  -1  -1  -1  0.099107287 0.039332232 0.020678323 0.011849334 0.082875667 0.05761513  0.06718384  0.002110414 0.002598499 0.025413715 0.010066472 3.34674E-08 0.006885856 0.007985831 0.001581584 0.013081243 0.013359905
-1  -1  -1  -1  -1  -1  -1  -1  -1  -1  -1  -1  -1  -1  -1  -1  -1  -1  -1  -1  -1  -1  -1  -1  -1  0.295441285 0.333439358 0.177536811 0.093367435 0.087881257 0.456469411 0.313201892 0.05973735  0.087441602 0.036601258 0.213792243 0.011779422 0.052102452 0.175455151 0.028948416 0.02386984  0.071643048
-1  -1  -1  -1  -1  -1  -1  -1  -1  -1  -1  -1  -1  -1  -1  -1  -1  -1  -1  -1  -1  -1  -1  -1  -1  0.250948845 0.268996864 0.351343414 0.225410121 0.15673668  0.088071095 0.347390485 0.217190153 0.149228829 0.16371286  0.06646646  0.290098524 0.06963003  0.095515198 0.123752248 0.139595225 0.104759917
-1  -1  -1  -1  -1  -1  -1  -1  -1  -1  -1  -1  -1  -1  -1  -1  -1  -1  -1  -1  -1  -1  -1  -1  -1  0.113134113 0.143089652 0.216767285 0.361997557 0.253186486 0.099831779 0.075450884 0.370222078 0.314513348 0.233908781 0.239524706 0.124514597 0.494200767 0.332645844 0.242407873 0.353288665 0.237628269
-1  -1  -1  -1  -1  -1  -1  -1  -1  -1  -1  -1  -1  -1  -1  -1  -1  -1  -1  -1  -1  -1  -1  -1  -1  0.131830771 0.078590282 0.090037999 0.172879251 0.274260406 0.118977739 0.105155266 0.088325482 0.310891105 0.307319173 0.240314839 0.305362  0.130554559 0.259443114 0.39321244  0.283128197 0.376142387
-1  -1  -1  -1  -1  -1  -1  -1  -1  -1  -1  -1  -1  -1  -1  -1  -1  -1  -1  -1  -1  -1  -1  -1  -1  0.091612608 0.087244213 0.075183783 0.081583216 0.10898743  0.139607227 0.065148904 0.116358413 0.075733677 0.21041711  0.168411411 0.199647947 0.17205986  0.099184923 0.140569076 0.156187457 0.113256413
-1  -1  -1  -1  -1  -1  -1  -1  -1  -1  -1  -1  -1  -1  -1  -1  -1  -1  -1  -1  -1  -1  -1  -1  -1  0.01792509  0.049307398 0.068452385 0.052913086 0.036072075 0.03942762  0.026468729 0.14605611  0.059592941 0.022627103 0.06142387  0.068597476 0.074566476 0.02976994  0.069528362 0.030849372 0.083210061
-1  -1  -1  -1  -1  -1  -1  -1  -1  -1  -1  -1  -1  -1  -1  -1  -1  -1  -1  -1  -1  -1  -1  -1  -1  -1  -1  -1  -1  -1  -1  -1  -1  -1  -1  -1  -1  -1  -1  -1  -1  -1
-1  -1  -1  -1  -1  -1  -1  -1  -1  -1  -1  -1  -1  -1  -1  -1  -1  -1  -1  -1  -1  -1  -1  -1  -1  -1  -1  -1  -1  -1  -1  -1  -1  -1  -1  -1  -1  -1  -1  -1  -1  -1

# XpaaSouth
-1  -1  -1  -1  -1  -1  -1  -1  -1  -1  -1  -1  -1  -1  -1  -1  -1  -1  -1  -1  -1  -1  -1  -1  -1  -1  -1  -1  -1  -1  -1  -1  -1  -1  -1  -1  -1  -1  -1  -1  -1  -1
-1  -1  -1  -1  -1  -1  -1  -1  -1  -1  -1  -1  -1  -1  -1  -1  -1  -1  -1  -1  -1  -1  -1  -1  0.061961485 0.051585345 0.039662788 0.050859643 0.009476361 0.188043968 0.072432133 0.076108142 0.004725995 0.002211948 0.014906869 0.003048669 0 0.004156635 0.01391062  0.007376721 0.001596645 0.002603953
-1  -1  -1  -1  -1  -1  -1  -1  -1  -1  -1  -1  -1  -1  -1  -1  -1  -1  -1  -1  -1  -1  -1  -1  0.525721272 0.149965912 0.217404384 0.091057109 0.185449055 0.055580019 0.421826456 0.154870969 0.20112263  0.089412667 0.035828122 0.123419679 0.017274748 0.024126457 0.101892302 0.171644326 0.006161639 0.03586396
-1  -1  -1  -1  -1  -1  -1  -1  -1  -1  -1  -1  -1  -1  -1  -1  -1  -1  -1  -1  -1  -1  -1  -1  0.095909863 0.45409913  0.211787484 0.206275367 0.113247803 0.155320952 0.038624011 0.419839444 0.131389579 0.291640612 0.146838854 0.081231292 0.212444598 0.131553774 0.104259406 0.200615644 0.165587678 0.07413458
-1  -1  -1  -1  -1  -1  -1  -1  -1  -1  -1  -1  -1  -1  -1  -1  -1  -1  -1  -1  -1  -1  -1  -1  0.146214399 0.088352797 0.334495958 0.226329534 0.22906194  0.141659103 0.12328022  0.082097799 0.358342775 0.194658454 0.332490519 0.264248374 0.121606987 0.394400758 0.348076523 0.264156784 0.361537726 0.189171144
-1  -1  -1  -1  -1  -1  -1  -1  -1  -1  -1  -1  -1  -1  -1  -1  -1  -1  -1  -1  -1  -1  -1  -1  0.119951707 0.133943697 0.071964634 0.314725156 0.259752011 0.212342792 0.118861846 0.150601654 0.079620073 0.340033518 0.199438381 0.32571714  0.27765248  0.14265705  0.194747958 0.264195848 0.241530358 0.395711472
-1  -1  -1  -1  -1  -1  -1  -1  -1  -1  -1  -1  -1  -1  -1  -1  -1  -1  -1  -1  -1  -1  -1  -1  0.043200705 0.094172294 0.084323444 0.055204425 0.158817399 0.179203542 0.13992308  0.069390201 0.140818928 0.036737952 0.235265877 0.14508988  0.292573683 0.191876973 0.170524462 0.062953134 0.183265646 0.1626538
-1  -1  -1  -1  -1  -1  -1  -1  -1  -1  -1  -1  -1  -1  -1  -1  -1  -1  -1  -1  -1  -1  -1  -1  0.00704057  0.027880825 0.040361309 0.055548765 0.044195432 0.067849624 0.085052255 0.047091791 0.083980021 0.045304849 0.035231378 0.057244967 0.078447505 0.111228353 0.066588731 0.029057543 0.040320308 0.139861092
-1  -1  -1  -1  -1  -1  -1  -1  -1  -1  -1  -1  -1  -1  -1  -1  -1  -1  -1  -1  -1  -1  -1  -1  -1  -1  -1  -1  -1  -1  -1  -1  -1  -1  -1  -1  -1  -1  -1  -1  -1  -1
-1  -1  -1  -1  -1  -1  -1  -1  -1  -1  -1  -1  -1  -1  -1  -1  -1  -1  -1  -1  -1  -1  -1  -1  -1  -1  -1  -1  -1  -1  -1  -1  -1  -1  -1  -1  -1  -1  -1  -1  -1  -1

## acoustic survey
# AminAge
 2
# AmaxAge
 3
# AminYr
 17
# AmaxYr
 42
# Apaa
 -1 -1 -1 -1 -1 -1 -1 -1 -1 -1 -1 -1 -1 -1 -1 -1 0.326905213  0.356976351 0.522724867 0.379309852 0.271306412 0.156751833 0.312365153 0.232664789 0.802870596 0.120355279 0.39847929  0.218323352 0.771249465 0.323823089 0.512950408 0.377348008 0.19261234  0.405306704 0.001057616 0.180202453 0.657871422 0.019138285 0.406750672 0.336732559 0.5774566 0.063566288
 -1 -1 -1 -1 -1 -1 -1 -1 -1 -1 -1 -1 -1 -1 -1 -1 0.673094787  0.643023649 0.477275133 0.620690148 0.728693588 0.843248167 0.687634847 0.767335211 0.197129404 0.879644721 0.60152071  0.781676648 0.228750535 0.676176911 0.487049592 0.622651992 0.80738766  0.594693296 0.998942384 0.819797547 0.342128578 0.980861715 0.593249328 0.663267441 0.4225434 0.936433712
-1  -1  -1  -1  -1  -1  -1  -1  -1  -1  -1  -1  -1  -1  -1  -1  -1  -1  -1  -1  -1  -1  -1  -1  -1  -1  -1  -1  -1  -1  -1  -1  -1  -1  -1  -1  -1  -1  -1  -1  -1  -1
-1  -1  -1  -1  -1  -1  -1  -1  -1  -1  -1  -1  -1  -1  -1  -1  -1  -1  -1  -1  -1  -1  -1  -1  -1  -1  -1  -1  -1  -1  -1  -1  -1  -1  -1  -1  -1  -1  -1  -1  -1  -1
-1  -1  -1  -1  -1  -1  -1  -1  -1  -1  -1  -1  -1  -1  -1  -1  -1  -1  -1  -1  -1  -1  -1  -1  -1  -1  -1  -1  -1  -1  -1  -1  -1  -1  -1  -1  -1  -1  -1  -1  -1  -1
-1  -1  -1  -1  -1  -1  -1  -1  -1  -1  -1  -1  -1  -1  -1  -1  -1  -1  -1  -1  -1  -1  -1  -1  -1  -1  -1  -1  -1  -1  -1  -1  -1  -1  -1  -1  -1  -1  -1  -1  -1  -1
-1  -1  -1  -1  -1  -1  -1  -1  -1  -1  -1  -1  -1  -1  -1  -1  -1  -1  -1  -1  -1  -1  -1  -1  -1  -1  -1  -1  -1  -1  -1  -1  -1  -1  -1  -1  -1  -1  -1  -1  -1  -1
-1  -1  -1  -1  -1  -1  -1  -1  -1  -1  -1  -1  -1  -1  -1  -1  -1  -1  -1  -1  -1  -1  -1  -1  -1  -1  -1  -1  -1  -1  -1  -1  -1  -1  -1  -1  -1  -1  -1  -1  -1  -1
-1  -1  -1  -1  -1  -1  -1  -1  -1  -1  -1  -1  -1  -1  -1  -1  -1  -1  -1  -1  -1  -1  -1  -1  -1  -1  -1  -1  -1  -1  -1  -1  -1  -1  -1  -1  -1  -1  -1  -1  -1  -1
-1  -1  -1  -1  -1  -1  -1  -1  -1  -1  -1  -1  -1  -1  -1  -1  -1  -1  -1  -1  -1  -1  -1  -1  -1  -1  -1  -1  -1  -1  -1  -1  -1  -1  -1  -1  -1  -1  -1  -1  -1  -1

# RVminAge
4

# RVmaxAge
6

# RVminYr
1994

# RVmaxYr
2017

## RV survey - 4 6 1994 2017
# RVpaa
-1  -1  -1  -1  -1  -1  -1  -1  -1  -1  -1  -1  -1  -1  -1  -1  -1  -1  -1  -1  -1  -1  -1  -1  -1  -1  -1  -1  -1  -1  -1  -1  -1  -1  -1  -1  -1  -1  -1  -1  -1  -1
-1  -1  -1  -1  -1  -1  -1  -1  -1  -1  -1  -1  -1  -1  -1  -1  -1  -1  -1  -1  -1  -1  -1  -1  -1  -1  -1  -1  -1  -1  -1  -1  -1  -1  -1  -1  -1  -1  -1  -1  -1  -1
-1 -1 -1 -1 -1 -1 -1 -1 -1 -1 -1 -1 -1 -1 -1 -1 0.621720381 0.19994074  0.334889464 0.175886829 0.511836125 0.540659083 0.532813958 0.366781734 0.676734087 0.377699467 0.427066837 0.314299322 0.331918891 0.259514276 0.655476518 0.493330102 0.413658095 0.367221207 0.17068085  0.583988257 0.165126229 0.288505955 0.405629458 0.472923357 0.207941171 0.579663985
-1 -1 -1 -1 -1 -1 -1 -1 -1 -1 -1 -1 -1 -1 -1 -1 0.158788547 0.656832188 0.116729927 0.588240076 0.19065497  0.350814329 0.333243469 0.365810301 0.178173847 0.497707944 0.283201186 0.471090448 0.256312298 0.442096501 0.119284694 0.405535955 0.295412814 0.419241433 0.455607462 0.202657396 0.709273094 0.23530883  0.198271196 0.320838263 0.313923079 0.191842133
-1 -1 -1 -1 -1 -1 -1 -1 -1 -1 -1 -1 -1 -1 -1 -1 0.219491073 0.143227071 0.548380608 0.235873095 0.297508905 0.108526588 0.133942573 0.267407964 0.145092067 0.124592589 0.289731977 0.21461023  0.411768811 0.298389223 0.225238789 0.101133942 0.29092909  0.21353736  0.373711688 0.213354347 0.125600677 0.476185215 0.396099346 0.206238379 0.47813575  0.228493883
-1  -1  -1  -1  -1  -1  -1  -1  -1  -1  -1  -1  -1  -1  -1  -1  -1  -1  -1  -1  -1  -1  -1  -1  -1  -1  -1  -1  -1  -1  -1  -1  -1  -1  -1  -1  -1  -1  -1  -1  -1  -1
-1  -1  -1  -1  -1  -1  -1  -1  -1  -1  -1  -1  -1  -1  -1  -1  -1  -1  -1  -1  -1  -1  -1  -1  -1  -1  -1  -1  -1  -1  -1  -1  -1  -1  -1  -1  -1  -1  -1  -1  -1  -1
-1  -1  -1  -1  -1  -1  -1  -1  -1  -1  -1  -1  -1  -1  -1  -1  -1  -1  -1  -1  -1  -1  -1  -1  -1  -1  -1  -1  -1  -1  -1  -1  -1  -1  -1  -1  -1  -1  -1  -1  -1  -1
-1  -1  -1  -1  -1  -1  -1  -1  -1  -1  -1  -1  -1  -1  -1  -1  -1  -1  -1  -1  -1  -1  -1  -1  -1  -1  -1  -1  -1  -1  -1  -1  -1  -1  -1  -1  -1  -1  -1  -1  -1  -1
-1  -1  -1  -1  -1  -1  -1  -1  -1  -1  -1  -1  -1  -1  -1  -1  -1  -1  -1  -1  -1  -1  -1  -1  -1  -1  -1  -1  -1  -1  -1  -1  -1  -1  -1  -1  -1  -1  -1  -1  -1  -1

## Bwt  beginning of year WAA
# BwtNorth
0.214362178 0.102199423 0.072036267 0.162613553 0.067277117 0.071653123 0.079920131 0.063186839 0.075278682 0.100040053 0.070040891 0.072670034 0.099676655 0.076497261 0.053317867 0.056404331 0.064930463 0.069193529 0.073456595 0.053044011 0.058089496 0.051109271 0.057445796 0.05316356  0.069085297 0.070740417 0.072395536 0.060281432 0.061964092 0.079944866 0.067912871 0.080939224 0.089076331 0.055748061 0.062909538 0.065138779 0.052233786 0.096037894 0.071881975 0.073384552 0.080434807 0.075233778
0.171609292 0.191105355 0.150936664 0.150685558 0.176296792 0.13050039  0.143496327 0.144597486 0.130480336 0.155806262 0.137238692 0.128582173 0.134325518 0.132317461 0.114105134 0.095892808 0.101865228 0.104851438 0.107837648 0.119782488 0.094766777 0.098649332 0.097799519 0.099491354 0.107652157 0.115458667 0.109764586 0.104070505 0.102182001 0.099896174 0.092269256 0.127323808 0.10457229  0.098885234 0.086287801 0.092158735 0.091984091 0.082031234 0.10748424  0.093770518 0.092047423 0.097767394
0.216754489 0.220197247 0.198262522 0.215936587 0.237847584 0.21416783  0.211565946 0.213329275 0.224510976 0.216619303 0.238957185 0.200640487 0.205721041 0.198829728 0.177026863 0.153892746 0.163975365 0.164795622 0.165615878 0.163661573 0.174027019 0.155789914 0.159020441 0.165320264 0.167600193 0.172487404 0.168768718 0.149170993 0.153570042 0.152792413 0.162806814 0.195423885 0.137976293 0.133577284 0.118900556 0.123027214 0.12618896  0.120872639 0.125665936 0.141058365 0.112641477 0.116493863
0.24487863  0.260530941 0.268136315 0.258443876 0.274446528 0.274767066 0.266646042 0.26555767  0.256811411 0.2728051 0.265843169 0.27080071  0.263980081 0.247046243 0.231927115 0.219570783 0.209120932 0.207774791 0.211655263 0.221305655 0.211348365 0.212309338 0.208616489 0.212110417 0.219181071 0.22488023  0.203508183 0.203574493 0.186174024 0.193417418 0.17157511  0.201891027 0.186295091 0.165758708 0.163972498 0.159221322 0.163146161 0.166521794 0.160397929 0.170632093 0.172752081 0.140595624
0.293924843 0.279756682 0.299935041 0.31695264  0.320229901 0.310134893 0.308434676 0.302519482 0.304289596 0.306665641 0.298424832 0.300288947 0.304528192 0.286398491 0.26419521  0.253957734 0.245747154 0.234521379 0.226341888 0.249297373 0.243483446 0.236413382 0.239574058 0.237497105 0.244915531 0.245623123 0.24095123  0.224015997 0.226873783 0.217496316 0.183410391 0.250578631 0.202519254 0.200843112 0.191824552 0.190018228 0.199947475 0.198331516 0.201950222 0.198600153 0.193328382 0.183547094
0.279906903 0.294845055 0.303229501 0.356262215 0.364940128 0.348585111 0.336261983 0.341087522 0.342712695 0.336065893 0.328309593 0.328347946 0.332943159 0.323164643 0.301265202 0.281957577 0.273199343 0.264597331 0.251544404 0.257790846 0.26916775  0.264116411 0.256453482 0.262412714 0.26490642  0.270339828 0.257219288 0.252517511 0.242219375 0.238247884 0.19935969  0.27800048  0.230206427 0.212412848 0.211610426 0.207130809 0.213808411 0.220346226 0.210764795 0.21553062  0.20607697  0.204609185
0.33752714  0.328848517 0.321655326 0.358957968 0.402598436 0.392746809 0.37496987  0.362350164 0.37067252  0.367246322 0.354922466 0.349065562 0.355086704 0.346626494 0.333174489 0.315149547 0.300463679 0.289389954 0.286270077 0.28574257  0.272878628 0.281373176 0.285152091 0.278987155 0.285173001 0.288073367 0.281019941 0.271889601 0.264990726 0.250024319 0.235019833 0.29342574  0.246810349 0.238824745 0.222505384 0.220731881 0.224213518 0.227243829 0.224514711 0.220071207 0.223280481 0.213272712
0.318360412 0.357402744 0.355339714 0.394371982 0.404477575 0.395887029 0.412730177 0.393359487 0.381904969 0.390588551 0.376236324 0.366587254 0.368598402 0.361528489 0.349185743 0.342749626 0.335159155 0.319623125 0.307785809 0.314469719 0.310421486 0.293193316 0.291806099 0.298004841 0.308766518 0.306901134 0.299729984 0.287967323 0.289990996 0.277673165 0.220902181 0.279448359 0.25933616  0.253344189 0.249344646 0.231567063 0.23481045  0.23747751  0.231012755 0.230067785 0.22902069  0.22694319
0.294209833 0.367277803 0.378154374 0.406253452 0.446077483 0.43953976  0.39036923  0.428002249 0.411738748 0.39768804  0.396574311 0.39131093  0.386273022 0.366032434 0.35948893  0.342675275 0.347842575 0.352645552 0.346364154 0.335732334 0.328861548 0.321819233 0.308920146 0.323588643 0.317759374 0.331618427 0.322300664 0.300258559 0.2978491 0.294270162 0.297860796 0.315513209 0.266737297 0.260705061 0.256368045 0.264639526 0.247071203 0.230279282 0.237813115 0.244013728 0.242465458 0.235166183
0.401149088 0.36107164  0.407043564 0.435332061 0.455361787 0.453768286 0.497684493 0.469188112 0.438475408 0.4239751 0.406866934 0.404547665 0.415634828 0.397222601 0.379042171 0.362023022 0.365094997 0.36639341  0.383878037 0.376959797 0.351181353 0.338885053 0.336270195 0.334756658 0.358355271 0.342330887 0.342526743 0.314622891 0.309296818 0.308273287 0.3050707 0.284827914 0.288528827 0.286180781 0.276349149 0.265575858 0.290513602 0.261897841 0.230390058 0.253107027 0.262171043 0.252233241

# BwtMiddle
0.064023718 0.091061861 0.070763995 0.054105796 0.060266081 0.066305488 0.033959305 0.042618872 0.098658906 0.053453908 0.040441101 0.059265419 0.076574513 0.058760345 0.042676687 0.090781514 0.088939851 0.050241435 0.054854113 0.071341986 0.072040443 0.077690707 0.043298327 0.049033066 0.049396825 0.044992815 0.077138534 0.05267637  0.047925839 0.086861819 0.058551548 0.074820081 0.089371727 0.053932763 0.058006547 0.063227086 0.044500057 0.055244563 0.054323902 0.051356174 0.053641546 0.053107208
0.187715309 0.15441078  0.166984727 0.172177201 0.242451649 0.149043181 0.159306524 0.268470772 0.18878379  0.217982734 0.234448041 0.222694479 0.164707178 0.164693667 0.176140637 0.119803115 0.063465593 0.083932679 0.104399766 0.145639284 0.093264125 0.079545458 0.06582679  0.135708549 0.125517147 0.142294784 0.145823283 0.083270252 0.116263701 0.129852068 0.084921701 0.147680288 0.11312471  0.098558394 0.089192123 0.099949715 0.095900077 0.095013972 0.096954588 0.095956212 0.095974924 0.096295241
0.204309145 0.179330009 0.216882526 0.233647635 0.279422144 0.196424683 0.196114135 0.267482231 0.186561985 0.199627532 0.283446777 0.233721523 0.224509203 0.229445738 0.208034776 0.223923114 0.142102523 0.210196571 0.218816302 0.194504746 0.207405854 0.198532044 0.204837772 0.188409769 0.207727592 0.200247663 0.203531649 0.146176931 0.187701598 0.212820423 0.147599245 0.170083476 0.165846439 0.156124501 0.126028881 0.13363588  0.13859642  0.132753727 0.134995342 0.14992258  0.15442584  0.146447921
0.230284271 0.245440319 0.27901883  0.265893929 0.278753964 0.261118037 0.232631497 0.261521618 0.251368062 0.233317044 0.264741189 0.279520753 0.266042761 0.248976643 0.23742036  0.229911994 0.21258553  0.203652493 0.235311926 0.22921795  0.217962856 0.226706145 0.221731035 0.223284902 0.222573086 0.224735852 0.219179836 0.211974956 0.193018053 0.202629569 0.169013772 0.192457549 0.190431183 0.186194646 0.178006562 0.1723502 0.17152176  0.173959507 0.206975577 0.190524901 0.181762867 0.178261164
0.273290117 0.281436702 0.318504829 0.345889151 0.311484155 0.297796805 0.275143813 0.289279502 0.288934846 0.236462923 0.305217322 0.314213627 0.299697647 0.277904728 0.26546337  0.251836621 0.246532882 0.229779027 0.252016509 0.247874795 0.247138494 0.237513888 0.248372282 0.243942354 0.242739934 0.250940525 0.240806943 0.232195192 0.230387836 0.224612149 0.191338209 0.250797668 0.206842558 0.207950324 0.198279547 0.188979573 0.201129796 0.19960939  0.221148809 0.215562929 0.204042014 0.195352389
0.261137671 0.308312591 0.330503501 0.368620442 0.381921787 0.330094917 0.315995551 0.332762786 0.338823241 0.300058368 0.28829213  0.346358983 0.332890262 0.335434713 0.278454489 0.265918126 0.267304507 0.265419247 0.277136034 0.258496137 0.266049818 0.267658584 0.258563265 0.268535545 0.269828449 0.263493699 0.263942845 0.253660096 0.247128081 0.24436209  0.194108047 0.2536049 0.230958084 0.219097401 0.213072053 0.20618883  0.204513469 0.217795422 0.221047993 0.21983781  0.216483445 0.208977968
0.326626656 0.324010446 0.356439031 0.371447922 0.402214329 0.419919257 0.361567245 0.366074274 0.382998198 0.321063716 0.366864537 0.34859634  0.345538036 0.3450527 0.337829345 0.302447385 0.278508012 0.278975932 0.294218971 0.298018645 0.266742963 0.291531806 0.28718022  0.281377961 0.283715497 0.293690281 0.280046488 0.276768492 0.269005792 0.257765367 0.19525095  0.288196972 0.242563112 0.229283221 0.221832544 0.219053318 0.2207258 0.220041672 0.233506597 0.228140863 0.220062439 0.221639026
0.358694706 0.367269696 0.439821987 0.43963629  0.370873132 0.381869239 0.423815075 0.404635184 0.398623695 0.378808278 0.360915422 0.398124907 0.350137147 0.359476915 0.348066889 0.334423933 0.318458982 0.317102869 0.301714966 0.314675321 0.313854183 0.279948124 0.306962092 0.301126781 0.30773181  0.301011881 0.305492965 0.294007193 0.291404425 0.276657584 0.231907369 0.300326613 0.25739903  0.255013954 0.236076761 0.224969306 0.229034231 0.236331114 0.237536888 0.237036329 0.225356399 0.226151575
0.29364265  0.358465386 0.437360465 0.503539255 0.482444279 0.278935476 0.396004419 0.442935088 0.429705934 0.318372627 0.36373844  0.424368743 0.393847853 0.379743446 0.361019355 0.351017204 0.358300836 0.336265037 0.365916689 0.315903311 0.327991749 0.342665657 0.2966253 0.305693556 0.314761812 0.342720253 0.30844687  0.310509198 0.306450181 0.288318958 0.264926332 0.274601269 0.271993038 0.260666386 0.263085632 0.246015617 0.236811428 0.238842264 0.251628057 0.248987002 0.233074582 0.232014618
0.41278013  0.351504287 0.422259787 0.464576315 0.485604399 0.452002832 0.344598887 0.521323913 0.453599901 0.423354836 0.320134708 0.391658263 0.420493725 0.405300194 0.403380165 0.372233045 0.382416049 0.380657465 0.393311177 0.389860257 0.348877488 0.348733524 0.358846521 0.309734848 0.333486048 0.357237249 0.360651856 0.349170296 0.31398744  0.309801554 0.290038938 0.279443562 0.268131075 0.278568441 0.272943628 0.272921194 0.247484838 0.264449887 0.26161864  0.257851122 0.259734881 0.258793001

# BwtSouth 
0.074460653 0.124609646 0.085454243 0.084540888 0.066776337 0.071519795 0.066441343 0.062941313 0.117254984 0.079587226 0.070780332 0.070955714 0.089653635 0.077129893 0.044694034 0.061533388 0.0975476 0.052204261 0.067998144 0.072449367 0.057256149 0.053962972 0.059698494 0.056801505 0.068444624 0.06563112  0.05232895  0.06024954  0.058609318 0.067872525 0.07504152  0.087572894 0.08613349  0.047062112 0.056749871 0.059321806 0.058859086 0.058310254 0.058830382 0.058666574 0.058602404 0.058699787
0.101311912 0.132767467 0.122028594 0.142578604 0.155167989 0.134512446 0.147691934 0.137219998 0.127829431 0.183411718 0.157464514 0.127238878 0.137570881 0.140667328 0.135159029 0.114395583 0.093632136 0.076526332 0.100474442 0.117487231 0.091838593 0.100085146 0.094771095 0.098427159 0.108350836 0.102694851 0.099967821 0.122749361 0.101649735 0.106182252 0.108680993 0.115228337 0.096650912 0.102263752 0.102213382 0.102163012 0.102213382 0.071834741 0.092070378 0.088706167 0.084203762 0.088326769
0.140546453 0.177358885 0.173546858 0.172701001 0.220055598 0.226631322 0.214861329 0.229403849 0.217425632 0.209574734 0.237366416 0.22778476  0.202176964 0.211927873 0.189686676 0.172443621 0.15894581  0.145448  0.114427748 0.165753209 0.180666172 0.143658497 0.157989527 0.148445074 0.16138409  0.162789343 0.148837281 0.154582453 0.187358118 0.145998699 0.151424707 0.160122056 0.148485951 0.121894447 0.12327158  0.130733059 0.138194539 0.125545369 0.1128962 0.142126412 0.127897802 0.126169392
0.205441124 0.211005638 0.230057131 0.231201058 0.270602763 0.270419641 0.262263866 0.260776293 0.262086898 0.257121643 0.263138044 0.253459406 0.254571708 0.250646294 0.24164536  0.223734483 0.198550435 0.195260442 0.193038297 0.210319281 0.216070713 0.221234009 0.211797498 0.204782879 0.198867859 0.212763237 0.193746112 0.196162767 0.203058085 0.193473746 0.182278533 0.179461465 0.194388757 0.165034071 0.156340428 0.14818253  0.14746849  0.158019067 0.162213434 0.164683281 0.157864505 0.148570631
0.209932997 0.248216529 0.248655073 0.290088233 0.322443058 0.297404033 0.29094686  0.297284625 0.295635626 0.294086366 0.298004794 0.299111082 0.291387609 0.283995143 0.268649057 0.25527981  0.241004602 0.209631366 0.231484209 0.228056497 0.242643961 0.239754686 0.242308344 0.232088005 0.23421205  0.225994623 0.226066066 0.222554944 0.224310954 0.215316978 0.207047825 0.216516495 0.206905679 0.203397596 0.184177774 0.177322922 0.172950402 0.173826977 0.192149138 0.204319657 0.168186559 0.167574488
0.259244496 0.279860229 0.278337878 0.310224514 0.37216443  0.331638242 0.317938888 0.324366482 0.327942699 0.321824799 0.331243593 0.326683219 0.328964053 0.329751548 0.288633238 0.271506398 0.262556765 0.253621208 0.255006832 0.257772194 0.269182105 0.260322774 0.258672155 0.258085352 0.253943906 0.246896826 0.23424007  0.238573693 0.240875577 0.232060932 0.222435235 0.229463658 0.23409776  0.215259536 0.210063776 0.198523302 0.193180167 0.189589929 0.199020427 0.206386847 0.190999971 0.181031672
0.282704388 0.307926438 0.315048109 0.342385228 0.380732198 0.365164432 0.364881356 0.353235338 0.35330026  0.351690818 0.356324122 0.362013791 0.351043741 0.351808865 0.333738217 0.303673967 0.28682937  0.276134369 0.285606241 0.282825157 0.282830094 0.287893939 0.280193944 0.273807829 0.27438655  0.266471946 0.258663792 0.249447989 0.250631778 0.244897501 0.235324765 0.242953394 0.251643524 0.244693178 0.218930258 0.217335732 0.208419376 0.203248697 0.206537833 0.213657919 0.202764129 0.192976564
0.289443959 0.333598955 0.340566468 0.332046975 0.401532747 0.364065134 0.381198819 0.40184585  0.376467813 0.369479098 0.381258151 0.385323496 0.385477618 0.370505902 0.34972714  0.344493987 0.316937413 0.320959015 0.304161077 0.30942816  0.313297032 0.299117523 0.306167515 0.293623212 0.288706202 0.280252521 0.268350673 0.271341961 0.266034594 0.253496218 0.244742372 0.254914089 0.262040649 0.256950483 0.243957157 0.222309854 0.226377145 0.219572577 0.222156722 0.222160167 0.209461573 0.204118073
0.298383651 0.332036723 0.370560654 0.40278862  0.358246696 0.393509927 0.386467848 0.410918  0.415311011 0.384815483 0.396775967 0.396809748 0.399768252 0.395138146 0.367269508 0.354271121 0.356685982 0.33195594  0.338965492 0.329712113 0.325739996 0.33275809  0.316064748 0.310123272 0.30025693  0.297013262 0.282513038 0.279187515 0.275200473 0.266697195 0.253692404 0.25787936  0.277579722 0.260914624 0.263298496 0.240425095 0.227153317 0.226778113 0.231169288 0.242405404 0.224652062 0.212530127
0.377493977 0.331908567 0.370470022 0.430103343 0.435269997 0.386528822 0.443251728 0.425048338 0.381055432 0.427903177 0.413532895 0.428061134 0.409334587 0.415026572 0.38986342  0.38744991  0.368809729 0.369753557 0.368574923 0.368317367 0.357370809 0.342929268 0.352528224 0.314539382 0.318156889 0.308763817 0.293162573 0.298787911 0.29203176  0.271754997 0.264511115 0.261948679 0.281675687 0.274643797 0.26112399  0.263498609 0.256335467 0.240540315 0.238982729 0.237211808 0.24714826  0.225157725

## Cwt  fishery WAA fixed + mobile
# FwtNorth
0.2024  0.1242  0.104186492 0.169317003 0.0937  0.1014  0.1075  0.0908  0.1083  0.117172378 0.0949  0.0988  0.114843206 0.102847735 0.071503846 0.0758  0.08338386  0.076895902 0.093801992 0.0709  0.0757  0.070699803 0.0756  0.075651649 0.089311233 0.080187627 0.0868  0.078483612 0.078676399 0.085886282 0.092988846 0.092 0.093852724 0.069356886 0.076142389 0.077406275 0.065458398 0.1016  0.0821  0.0742  0.085966667 0.085966667
0.194391084 0.180440991 0.183428959 0.217937441 0.183564309 0.181754021 0.203068992 0.194497051 0.187501302 0.22415135  0.160741456 0.174218918 0.182624947 0.152450555 0.128294  0.128600503 0.136448352 0.13073642  0.136133314 0.152958845 0.126667731 0.128556021 0.13528674  0.130932931 0.153188822 0.149261222 0.137005635 0.124777305 0.133036197 0.126839125 0.134281855 0.126186628 0.118862651 0.104187593 0.107351773 0.111544077 0.109307327 0.1028  0.11370927  0.1071  0.114187711 0.1074
0.237636805 0.249429277 0.217844225 0.254205278 0.259576662 0.249873517 0.246267727 0.224107971 0.259156518 0.250259183 0.254740987 0.250443203 0.242919353 0.216472401 0.205565078 0.184599258 0.209080989 0.186001388 0.209800905 0.196756471 0.197997072 0.191607579 0.196704133 0.2020212 0.214535981 0.194217204 0.19082572  0.162416568 0.189006789 0.175482478 0.181298745 0.180965046 0.150867472 0.150113518 0.135691226 0.140991575 0.142756605 0.133661623 0.153617971 0.174985403 0.118469677 0.118846592
0.261737336 0.285630719 0.288246369 0.306610089 0.2962995 0.290846412 0.284544407 0.286358577 0.294287172 0.287172491 0.282397592 0.287872892 0.278248651 0.251243244 0.248485194 0.234530733 0.2369  0.206476753 0.240847398 0.233441286 0.227022427 0.227656169 0.227135272 0.228723352 0.237798517 0.235723246 0.213243624 0.217174992 0.213406597 0.197930972 0.20734767  0.199962587 0.191782124 0.182119771 0.179110986 0.186831751 0.188781989 0.194243258 0.192482293 0.189530632 0.170547262 0.166853916
0.29438459  0.299016574 0.314955721 0.34851775  0.334454713 0.324616315 0.327086549 0.321630068 0.323343407 0.319564781 0.310118075 0.319313813 0.322147109 0.294787038 0.277814868 0.259550799 0.2575  0.232166641 0.248118248 0.258043811 0.2539576 0.246192802 0.252115853 0.248331641 0.262254014 0.253705193 0.246295163 0.235332556 0.237005712 0.221664409 0.225805617 0.231123918 0.20510861  0.210332198 0.202046479 0.201589683 0.213983933 0.208364105 0.209962975 0.204912464 0.197202229 0.197537828
0.303392435 0.295306241 0.307501786 0.402986064 0.382136339 0.363312506 0.348325443 0.355687808 0.365177273 0.349288967 0.337293704 0.347649436 0.347154249 0.324185391 0.307885728 0.286162061 0.287565599 0.271890282 0.272539529 0.267840519 0.280771228 0.274681594 0.267141801 0.273130116 0.282587475 0.278674944 0.260782057 0.258897059 0.249307732 0.239496567 0.241862078 0.249419864 0.229292578 0.219977202 0.212896421 0.212343081 0.22676774  0.226897686 0.213193146 0.221245904 0.207248095 0.212294347
0.347322798 0.356440486 0.350355443 0.419024632 0.40221118  0.403651892 0.387001275 0.376939566 0.386288521 0.369327095 0.360646825 0.361248269 0.362683078 0.346099541 0.342412839 0.322584739 0.315480052 0.291225883 0.301410393 0.299585226 0.278011504 0.281976414 0.296021709 0.291357745 0.297746882 0.293665757 0.28338467  0.283470251 0.27122782  0.250742965 0.25627311  0.260852199 0.244228135 0.248753184 0.225062621 0.228855718 0.236747539 0.227720917 0.222156763 0.227171169 0.225333769 0.219472462
0.341945482 0.367775229 0.354242341 0.443918493 0.390435541 0.389662315 0.422012636 0.39982216  0.386935781 0.394936447 0.383274808 0.372625532 0.376098084 0.360377577 0.352299465 0.343086744 0.348223725 0.323820606 0.325287379 0.328094872 0.321649704 0.309204185 0.301978447 0.30000126  0.327215475 0.316336833 0.305919438 0.292624083 0.296661739 0.284271674 0.264002947 0.258240906 0.257828932 0.262800508 0.249937514 0.238259488 0.240920122 0.238209732 0.234352179 0.23826052  0.230885268 0.228564105
0.325930709 0.394486817 0.388826433 0.465901019 0.448246972 0.494819708 0.391077429 0.434076872 0.424010508 0.408739087 0.398218967 0.399515546 0.400420353 0.356236175 0.358602475 0.333314001 0.352664331 0.357123528 0.370477124 0.346512675 0.329630016 0.32198885  0.308636367 0.34674531  0.336568652 0.336080625 0.328376929 0.294702431 0.303167415 0.291897865 0.29127147  0.281913272 0.275513227 0.263613274 0.250093028 0.280206351 0.256208808 0.220108422 0.237417159 0.254073591 0.246744608 0.239526472
0.403243241 0.400001367 0.42  0.4874  0.445060965 0.459357609 0.500565864 0.5629  0.442918515 0.423939696 0.405003356 0.410976942 0.432404476 0.394050387 0.403308192 0.365476197 0.399906264 0.380656957 0.412636904 0.383555906 0.355912934 0.348399944 0.351184967 0.363087543 0.370353964 0.348191774 0.349096499 0.30144494  0.324613955 0.313465151 0.318838002 0.278526904 0.295299628 0.29726137  0.289700329 0.282017205 0.3012  0.267713197 0.241151966 0.26983377  0.270526566 0.257843965

# FwtMiddle
0.099428126 0.123312367 0.110380916 0.11453401  0.094774725 0.102775954 0.095483407 0.089698117 0.14664903  0.111947148 0.0949  0.0988  0.112300211 0.10200007  0.071503846 0.075904562 0.0864  0.072423712 0.089380723 0.081569896 0.0757  0.071513145 0.076654766 0.078450561 0.083838598 0.081 0.080145775 0.078258225 0.078887701 0.085886282 0.09298876  0.092 0.093852724 0.069356886 0.076142878 0.077868366 0.065024051 0.073011765 0.07196806  0.070001292 0.071660372 0.071209908
0.183474761 0.183 0.197523635 0.219340198 0.218228065 0.170966297 0.20642593  0.2238  0.194129961 0.248568911 0.2340845 0.2236  0.1944  0.1851  0.1986  0.1927  0.1155  0.168933333 0.1425  0.1738  0.136073206 0.150791069 0.111366109 0.1679  0.158538687 0.170180763 0.146 0.125019836 0.1573  0.138441566 0.12018227  0.1565  0.1391  0.1035  0.1147  0.1312  0.116466667 0.120788889 0.1294  0.1342  0.12812963  0.130576543
0.22393236  0.223688286 0.240141098 0.2552062 0.27011509  0.213762878 0.22646873  0.2593  0.208633868 0.229890474 0.28147692  0.249359017 0.236426622 0.233398992 0.2187  0.218180691 0.170116234 0.2224  0.223956746 0.2059  0.216841374 0.209811142 0.21386253  0.204780232 0.216064428 0.2095  0.207710405 0.167972577 0.195022803 0.189656485 0.168542544 0.179969991 0.175751064 0.175232636 0.15346163  0.155697893 0.161464053 0.195 0.181790149 0.1737  0.1777  0.171758322
0.254578958 0.269014046 0.348035691 0.294408505 0.304474469 0.252420661 0.253165629 0.302 0.24367876  0.260920452 0.30487517  0.27757818  0.283842756 0.262192845 0.241511014 0.241698788 0.207133855 0.2438  0.248973482 0.234602751 0.230732427 0.237019694 0.234328126 0.233122406 0.241911916 0.23375529  0.229306923 0.216327064 0.221797923 0.210533033 0.205884094 0.201080973 0.201500457 0.197258813 0.180824398 0.193563637 0.188953837 0.215984098 0.219686613 0.199679345 0.1902  0.178824099
0.290273637 0.311127903 0.37710048  0.34375585  0.329550191 0.291265594 0.299912526 0.33054499  0.276434917 0.229460762 0.357034541 0.323838125 0.323579756 0.272090925 0.268774692 0.262603691 0.251463661 0.254899912 0.260509929 0.246780956 0.26034407  0.244494663 0.260268628 0.253951043 0.252754236 0.260306097 0.248071323 0.235119841 0.245362526 0.227462083 0.220282336 0.234248404 0.212769231 0.214606646 0.199305563 0.197502546 0.208991707 0.210865834 0.22643702  0.21151665  0.2085  0.200644352
0.290880273 0.32747257  0.351085722 0.360331099 0.424325148 0.330640542 0.342825209 0.369211225 0.347308816 0.32570062  0.362207253 0.336002632 0.34219543  0.347723999 0.284966882 0.263091919 0.272089471 0.280149333 0.301311918 0.256497913 0.286823208 0.275178602 0.273441397 0.277065045 0.286698536 0.274689479 0.267630401 0.259374778 0.259749617 0.243365733 0.236519241 0.239106994 0.227713981 0.225613783 0.211548434 0.213309819 0.211773266 0.226969991 0.231721822 0.213430926 0.22156687  0.209457032
0.346352526 0.360914021 0.387967708 0.392991085 0.448965874 0.415559114 0.395386699 0.3909  0.3973  0.296801881 0.413230985 0.335496894 0.355344044 0.347933828 0.328216248 0.321000181 0.294827425 0.286036687 0.308995213 0.294761367 0.277397222 0.296317702 0.299705275 0.289544882 0.290525582 0.300852534 0.285507971 0.286218599 0.278994423 0.255796274 0.242155026 0.259724617 0.246069187 0.230863276 0.218114678 0.226824444 0.228399606 0.228632907 0.240231454 0.224615243 0.2269  0.221711205
0.358580028 0.38945011  0.535981893 0.498185965 0.35  0.3248  0.432235057 0.4141  0.4065  0.361177224 0.438878426 0.383571047 0.365416265 0.363657854 0.3482  0.340749028 0.315937901 0.341061316 0.318252605 0.320459844 0.334183714 0.282522484 0.317988851 0.302555029 0.327061098 0.311876674 0.310204971 0.302759427 0.29668421  0.274340319 0.252353042 0.270220842 0.255094267 0.264283868 0.241407981 0.232039353 0.231265546 0.244538055 0.24678763  0.233883699 0.2261  0.225405619
0.321273482 0.358350781 0.491164778 0.473060348 0.4672  0.2223  0.482818657 0.4539  0.4459  0.249350873 0.366317818 0.410338762 0.4044  0.394632365 0.3584  0.353857202 0.376756728 0.3579  0.392583437 0.313571358 0.33570068  0.351362881 0.311432094 0.332831885 0.327461086 0.359129142 0.305054785 0.310813725 0.310185927 0.280189571 0.272088144 0.267669973 0.273776857 0.266360219 0.261892829 0.250711196 0.241681645 0.246667209 0.258923622 0.251205976 0.232268265 0.238083958
0.386856888 0.384579714 0.497566455 0.439427179 0.498481078 0.4373  0.534180805 0.5629  0.4533  0.401949578 0.411012121 0.418751661 0.4309  0.406202392 0.412321877 0.3866  0.413279802 0.384598588 0.43222599  0.387155966 0.388158863 0.362272339 0.366489555 0.308046851 0.310270183 0.389720971 0.362181026 0.399665574 0.317193562 0.309417657 0.300234536 0.286997821 0.26859297  0.283443886 0.279689754 0.284413966 0.2443  0.269467907 0.266060624 0.2893  0.274942844 0.248136721

# FwtSouth
0.099428126 0.123312367 0.110380916 0.11453401  0.094774725 0.102775954 0.095483407 0.089698117 0.14664903  0.111947148 0.0949  0.0988  0.112300211 0.10200007  0.071503846 0.075904562 0.0864  0.072423712 0.089380723 0.081569896 0.0757  0.071513145 0.076654766 0.078450561 0.083838598 0.081 0.080145775 0.078258225 0.078887701 0.085886282 0.09298876  0.092 0.093852724 0.069356886 0.076142878 0.077868366 0.065024051 0.073011765 0.07196806  0.070001292 0.0972  0.079723117
0.134046886 0.177285854 0.120758186 0.184168233 0.210217949 0.19091164  0.212237459 0.1972  0.182170639 0.229390255 0.221489102 0.17059781  0.191556146 0.1762  0.1326  0.166785382 0.1155  0.067781012 0.139389618 0.154432063 0.1034  0.132325447 0.12559314  0.126383605 0.149647161 0.125792089 0.123377348 0.188 0.132033006 0.142920514 0.137525551 0.142786823 0.101536942 0.111428571 0.118584112 0.137074949 0.122362544 0.07935879  0.1203  0.126510811 0.0971  0.114636937
0.172209448 0.234665458 0.169886718 0.24698645  0.262936042 0.244326216 0.241815484 0.247958707 0.239725687 0.241101251 0.245619917 0.234259367 0.239601696 0.234466106 0.204205647 0.224259444 0.17468312  0.183161217 0.193176662 0.197103103 0.211356795 0.199591525 0.18863107  0.175454965 0.206077558 0.177085686 0.176104368 0.193680081 0.186718427 0.161441603 0.160434926 0.18643134  0.154412552 0.1463335 0.136373303 0.133202693 0.139323273 0.126533585 0.160606683 0.167912859 0.1293  0.163941456
0.225818252 0.258542023 0.225539303 0.314644547 0.296477218 0.278116236 0.281518441 0.281223824 0.277020086 0.275779956 0.287189012 0.261549108 0.276645306 0.2622  0.24904444  0.245130923 0.175788696 0.218261731 0.203448005 0.228983147 0.236863611 0.231572809 0.224749924 0.22231771  0.225404994 0.219665818 0.211973971 0.218505831 0.212890172 0.200473467 0.205804841 0.200744429 0.20268582  0.176386209 0.167031673 0.161014376 0.16326213  0.179223651 0.20795426  0.168863354 0.148417472 0.170713321
0.242387905 0.272836429 0.239146212 0.373110947 0.330434856 0.298333744 0.304369413 0.313933779 0.310785984 0.312204042 0.322020709 0.311528073 0.324630197 0.291540248 0.275256734 0.261671295 0.236947741 0.249989394 0.245507715 0.255641563 0.257119761 0.242681049 0.25354157  0.239665674 0.246742756 0.226585793 0.232652794 0.233664081 0.230270304 0.217771447 0.213837784 0.227785666 0.21325603  0.204111872 0.192313518 0.18824824  0.185771247 0.185075484 0.206006803 0.20074858  0.167512477 0.189204199
0.282538908 0.323125643 0.283950258 0.40242849  0.371220314 0.33284601  0.338832393 0.345677358 0.34257675  0.333255701 0.351444258 0.331413237 0.347375911 0.334953693 0.285755214 0.26780716  0.263445231 0.271467948 0.260124973 0.270649351 0.283439847 0.263565688 0.275716972 0.262710565 0.269072772 0.247050993 0.242152915 0.244645276 0.248309639 0.233865484 0.227198902 0.246231369 0.240584766 0.217281865 0.216189237 0.2049336 0.198241306 0.193487106 0.214016085 0.206767592 0.181724768 0.195641942
0.307099151 0.335595165 0.307172497 0.412845705 0.360205628 0.359207342 0.4 0.368250518 0.361091262 0.36104736  0.38098937  0.372901198 0.371837012 0.356298389 0.332527151 0.322716344 0.307202718 0.289434693 0.300480868 0.307506306 0.295559039 0.292418024 0.29787127  0.271911906 0.286581467 0.263896261 0.270822459 0.256962833 0.25676477  0.241532251 0.236793152 0.25980034  0.257174638 0.248871748 0.220591156 0.218488307 0.211964444 0.208382569 0.220468833 0.213300352 0.198838182 0.204925034
0.310009716 0.362385446 0.345611413 0.358935761 0.390529791 0.367965995 0.404536663 0.403700218 0.384868472 0.378061776 0.402600306 0.389706927 0.398478189 0.369179557 0.343277086 0.356891479 0.311261966 0.335331307 0.319636736 0.318641872 0.319196805 0.302718851 0.320563507 0.289435736 0.306537776 0.274063346 0.272880273 0.27186246  0.275426622 0.250269273 0.247995157 0.274421757 0.264300277 0.256726524 0.239139617 0.224041944 0.234550821 0.227453793 0.23684135  0.223864476 0.205691881 0.209538165
0.3147  0.355628808 0.37892029  0.469425101 0.357558953 0.396512804 0.4059  0.4174  0.427255742 0.384762502 0.416416518 0.391102475 0.410089337 0.391826099 0.36536934  0.36561726  0.356480604 0.354025735 0.342639062 0.340105078 0.332996239 0.346895534 0.329999023 0.300023059 0.311482698 0.287784686 0.291223244 0.28564054  0.278579471 0.258244441 0.257162357 0.268157512 0.280774027 0.25757234  0.270038704 0.241717484 0.230307899 0.219262983 0.234945477 0.248100173 0.225442418 0.219595712
0.364014281 0.35005814  0.385930594 0.4882  0.4036  0.417845865 0.4955  0.4451  0.347875521 0.428551593 0.444454577 0.440031378 0.428416629 0.420023248 0.387910573 0.410864888 0.372030073 0.383520705 0.383722031 0.395920075 0.375513051 0.353158591 0.358252374 0.299803987 0.337386755 0.30606867  0.298640956 0.306549075 0.298565985 0.265097704 0.270929858 0.266824084 0.295875331 0.26864741  0.264724614 0.25711691  0.27183748  0.251227351 0.260476  0.2395  0.2462  0.224873391

## Fxwt  fixed gear WAA
# CwtNorth
-1  -1  -1  -1  -1  -1  -1  -1  -1  -1  -1  -1  -1  -1  -1  -1  -1  -1  -1  -1  -1  -1  -1  -1  -1  -1  -1  -1  -1  -1  -1  -1  -1  -1  -1  -1  -1  -1  -1  -1  -1  -1
-1  -1  -1  -1  -1  -1  -1  -1  -1  -1  -1  -1  -1  -1  -1  -1  -1  -1  -1  -1  -1  -1  -1  -1  -1  -1  -1  -1  -1  -1  -1  -1  -1  -1  -1  -1  -1  -1  -1  -1  -1  -1
-1  -1  -1  -1  -1  -1  -1  -1  0.264814112 0.251797403 0.26039288  0.256423023 0.248015355 0.229641484 0.2288  0.219183121 0.209080989 0.2051  0.2209  0.206417709 0.208719628 0.211670799 0.213780746 0.210937194 0.220438436 0.208621491 0.200210656 0.196116216 0.202411609 0.197260588 0.189979084 0.19018829  0.179155585 0.184468777 0.157990528 0.170966285 0.202107054 0.173301248 0.175902662 0.182465341 0.170547262 0.168080519
-1  -1  -1  -1  -1  -1  -1  -1  0.303372373 0.288748771 0.284805087 0.295262151 0.286643955 0.262939001 0.25794055  0.239171153 0.2369  0.226669328 0.244158803 0.236238864 0.232226914 0.236941854 0.234868702 0.237094147 0.239825623 0.23828016  0.217710697 0.224925971 0.22024597  0.203935791 0.214248237 0.202012308 0.205944499 0.197004204 0.183351493 0.195057626 0.21301718  0.200016522 0.198288327 0.190040249 0.197202229 0.19831817
-1  -1  -1  -1  -1  -1  -1  -1  0.333347385 0.322727826 0.310528495 0.326866384 0.324538931 0.298711788 0.283473274 0.264805813 0.2575  0.247188874 0.257891438 0.259875094 0.257657668 0.249748394 0.260379738 0.255295138 0.263598804 0.255084345 0.251788074 0.240300146 0.241436932 0.225041284 0.227901923 0.232570613 0.216915047 0.215623142 0.20380596  0.20483033  0.220083409 0.212231155 0.212002716 0.20495776  0.207248095 0.203425794
-1  -1  -1  -1  -1  -1  -1  -1  0.375746202 0.354657809 0.340585752 0.352301263 0.349629545 0.330016632 0.3124  0.290989749 0.287565599 0.281703686 0.281323963 0.274574956 0.2856  0.279228882 0.275062824 0.282042487 0.282262055 0.277970216 0.263051952 0.260506736 0.258030707 0.242039353 0.244190643 0.250510357 0.237859341 0.222163743 0.213849636 0.214609306 0.230018287 0.227377455 0.215101312 0.221256398 0.225333769 0.21486567
-1  -1  -1  -1  -1  -1  -1  -1  0.395840564 0.3801091 0.366928825 0.377196713 0.368065619 0.349458592 0.3447  0.329872493 0.315480052 0.302517662 0.306431168 0.307841192 0.293386648 0.300678766 0.304250848 0.305422384 0.296192611 0.295727004 0.284802761 0.284864672 0.285403899 0.253686293 0.259409127 0.261190607 0.250401896 0.258048875 0.225086518 0.23072745  0.240711356 0.229097465 0.223157736 0.22717265  0.230885268 0.221973807
-1  -1  -1  -1  -1  -1  -1  -1  0.4065  0.399831452 0.392648426 0.390803956 0.388502242 0.363899089 0.355148408 0.346477449 0.348223725 0.332875871 0.328797064 0.336866638 0.3301  0.326654332 0.316722673 0.330405671 0.326423881 0.312586394 0.307874447 0.296020387 0.30007135  0.290111374 0.264092685 0.258325713 0.261001909 0.262951325 0.249937514 0.242103643 0.242669923 0.240712725 0.23580358  0.23826077  0.246744608 0.229222909
-1  -1  -1  -1  -1  -1  -1  -1  0.44611702  0.414536104 0.388506626 0.419847316 0.407784278 0.362461686 0.3632  0.326179567 0.352664331 0.361315448 0.376085968 0.350618472 0.3552  0.370262284 0.334012843 0.34674531  0.331618762 0.33349585  0.329374208 0.29633848  0.303363814 0.292116805 0.294222077 0.281913272 0.279203565 0.26522118  0.25027644  0.286083796 0.292048352 0.225303927 0.239023324 0.254073591 0.270526566 0.239499697
-1  -1  -1  -1  -1  -1  -1  -1  -1  -1  -1  -1  -1  -1  -1  -1  -1  -1  -1  -1  -1  -1  -1  -1  -1  -1  -1  -1  -1  -1  -1  -1  -1  -1  -1  -1  -1  -1  -1  -1  -1  -1

# CwtMiddle
-1  -1  -1  -1  -1  -1  -1  -1  -1  -1  -1  -1  -1  -1  -1  -1  -1  -1  -1  -1  -1  -1  -1  -1  -1  -1  -1  -1  -1  -1  -1  -1  -1  -1  -1  -1  -1  -1  -1  -1  -1  -1
-1  -1  -1  -1  -1  -1  -1  -1  -1  -1  -1  -1  -1  -1  -1  -1  -1  -1  -1  -1  -1  -1  -1  -1  -1  -1  -1  -1  -1  -1  -1  -1  -1  -1  -1  -1  -1  -1  -1  -1  -1  -1
-1  -1  -1  -1  -1  -1  -1  -1  0.208633868 0.2299  0.281479686 0.249359017 0.236426622 0.233398992 0.2187  0.218180691 0.2133  0.2224  0.2257  0.2059  0.219115121 0.209811142 0.21386253  0.204780232 0.219039407 0.2095  0.207710405 0.199506255 0.196907703 0.196108848 0.168542544 0.179969991 0.175751064 0.175232636 0.15346163  0.155697893 0.175  0.195 0.181790149 0.1737  0.1777  0.171758322
-1  -1  -1  -1  -1  -1  -1  -1  0.24367876  0.260921739 0.304877662 0.27757818  0.283842756 0.262192845 0.241511014 0.241698788 0.242706111 0.2438  0.2504  0.234602751 0.234110945 0.237019694 0.234328126 0.233122406 0.243849068 0.23375529  0.229306923 0.227315068 0.22371066  0.210781143 0.205884094 0.201080973 0.201500457 0.197258813 0.180824398 0.193563637 0.188953837 0.215984098 0.219686613 0.199679345 0.1902  0.178824099
-1  -1  -1  -1  -1  -1  -1  -1  0.276434917 0.229418028 0.357036153 0.323838125 0.323579756 0.272090925 0.268774692 0.262603691 0.2704  0.254899912 0.260677067 0.246780956 0.264796752 0.244494663 0.260268628 0.253951043 0.256569358 0.260306097 0.248071323 0.239669736 0.24539075  0.228452438 0.220282336 0.234248404 0.212769231 0.214606646 0.199305563 0.197502546 0.208991707 0.210865834 0.22643702  0.21151665  0.2085  0.200644352
-1  -1  -1  -1  -1  -1  -1  -1  0.347308816 0.325708936 0.362212172 0.336002632 0.34219543  0.347723999 0.284966882 0.263091919 0.293648377 0.280149333 0.3038  0.256497913 0.2861  0.275178602 0.273441397 0.277065045 0.288173713 0.274689479 0.267630401 0.266325404 0.259632677 0.243696398 0.236519241 0.239106994 0.227713981 0.225613783 0.211548434 0.213309819 0.211773266 0.226969991 0.231721822 0.213430926 0.22156687  0.209457032
-1  -1  -1  -1  -1  -1  -1  -1  0.3973  0.29629357  0.413239538 0.335496894 0.355344044 0.347933828 0.328216248 0.321000181 0.309336812 0.286036687 0.309604081 0.294761367 0.278524012 0.296317702 0.299705275 0.289544882 0.293102797 0.300852534 0.285507971 0.284825153 0.279032062 0.256505709 0.242155026 0.259724617 0.246069187 0.230863276 0.218114678 0.226824444 0.228399606 0.228632907 0.240231454 0.224615243 0.2269  0.221711205
-1  -1  -1  -1  -1  -1  -1  -1  0.4065  0.361183553 0.438883923 0.383571047 0.365416265 0.363657854 0.3482  0.340749028 0.328146164 0.341061316 0.318125998 0.320459844 0.3356  0.282522484 0.317988851 0.302555029 0.327061098 0.311876674 0.310204971 0.303300128 0.29668421  0.274555905 0.252353042 0.270220842 0.255094267 0.264283868 0.241407981 0.232039353 0.231265546 0.244538055 0.24678763  0.233883699 0.2261  0.225405619
-1  -1  -1  -1  -1  -1  -1  -1  0.4459  0.249 0.3661  0.410338762 0.4044  0.394632365 0.3584  0.353857202 0.398813294 0.3579  0.393126006 0.313571358 0.342938267 0.351362881 0.311432094 0.315  0.327461086 0.359129142 0.305054785 0.309283712 0.310185927 0.281023505 0.272088144 0.267669973 0.273776857 0.266360219 0.261892829 0.250711196 0.241681645 0.246667209 0.258923622 0.251205976 0.232268265 0.238083958
-1  -1  -1  -1  -1  -1  -1  -1  -1  -1  -1  -1  -1  -1  -1  -1  -1  -1  -1  -1  -1  -1  -1  -1  -1  -1  -1  -1  -1  -1  -1  -1  -1  -1  -1  -1  -1  -1  -1  -1  -1  -1

# CwtSouth
-1  -1  -1  -1  -1  -1  -1  -1  -1  -1  -1  -1  -1  -1  -1  -1  -1  -1  -1  -1  -1  -1  -1  -1  -1  -1  -1  -1  -1  -1  -1  -1  -1  -1  -1  -1  -1  -1  -1  -1  -1  -1
-1  -1  -1  -1  -1  -1  -1  -1  -1  -1  -1  -1  -1  -1  -1  -1  -1  -1  -1  -1  -1  -1  -1  -1  -1  -1  -1  -1  -1  -1  -1  -1  -1  -1  -1  -1  -1  -1  -1  -1  -1  -1
-1  -1  -1  -1  -1  -1  -1  -1  0.239942408 0.241113935 0.245798143 0.234259367 0.239601696 0.234466106 0.215247856 0.224259444 0.212503934 0.2153  0.216673251 0.20300272  0.211449741 0.209364192 0.202924259 0.208658649 0.215605695 0.202888114 0.206082642 0.193680081 0.189661727 0.163385209 0.160434926 0.18643134  0.160664182 0.1463335 0.149609317 0.146448372 0.156622915 0.1654  0.160606683 0.167912859 0.1293  0.163941456
-1  -1  -1  -1  -1  -1  -1  -1  0.277059396 0.275786245 0.287245771 0.261549108 0.276645306 0.2622  0.251956893 0.245130923 0.222312623 0.227380816 0.243601274 0.232178134 0.237026  0.236180725 0.227120422 0.229743405 0.2327835 0.22675383  0.223909058 0.218505831 0.215254935 0.200494143 0.205804841 0.200744429 0.204851921 0.176386209 0.169517514 0.178523651 0.174733376 0.188176358 0.20795426  0.168863354 0.156397997 0.170713321
-1  -1  -1  -1  -1  -1  -1  -1  0.310818245 0.312234735 0.322047347 0.311528073 0.324630197 0.291540248 0.2798  0.261671295 0.257940276 0.258 0.253574599 0.270938833 0.257082634 0.25263631  0.255643955 0.248139331 0.248871741 0.247344311 0.23682415  0.233664081 0.2310933 0.217956664 0.213837784 0.227785666 0.213677878 0.204111872 0.19286946  0.193672749 0.1999382 0.193151642 0.206006803 0.20074858  0.171484383 0.189204199
-1  -1  -1  -1  -1  -1  -1  -1  0.342650465 0.333276857 0.351627689 0.331413237 0.347375911 0.334953693 0.286560788 0.26780716  0.284174504 0.275069225 0.277548505 0.278816961 0.283132981 0.269347712 0.280950193 0.269710552 0.271075348 0.258997483 0.253770914 0.244645276 0.248620761 0.233899614 0.227198902 0.246231369 0.240720815 0.217281865 0.216429445 0.209944455 0.201168266 0.194283754 0.214016085 0.206767592 0.189352412 0.195641942
-1  -1  -1  -1  -1  -1  -1  -1  0.361146787 0.361110834 0.381180586 0.372901198 0.371837012 0.356298389 0.337666284 0.322716344 0.322218097 0.297835868 0.306338803 0.320308756 0.295997964 0.299837073 0.300153056 0.291244541 0.287868833 0.277899507 0.281657672 0.256962833 0.256772295 0.241568818 0.236793152 0.25980034  0.257144571 0.248871748 0.220885184 0.219942002 0.212850563 0.209651784 0.220468833 0.213300352 0.198940865 0.204925034
-1  -1  -1  -1  -1  -1  -1  -1  0.384868472 0.378080848 0.40284124  0.389706927 0.398478189 0.369179557 0.3442  0.356891479 0.331123735 0.334958386 0.321895461 0.323430771 0.31936825  0.305997893 0.325849412 0.305905194 0.305810845 0.301984541 0.282164969 0.27186246  0.275517562 0.250258502 0.247995157 0.274421757 0.264296866 0.256726524 0.239499614 0.226071458 0.236797531 0.23235894  0.23684135  0.223864476 0.215724613 0.209538165
-1  -1  -1  -1  -1  -1  -1  -1  0.427255742 0.384747957 0.416450086 0.391102475 0.410089337 0.391826099 0.368075934 0.36561726  0.359527274 0.355919087 0.346831809 0.341541068 0.331092928 0.344498773 0.329430667 0.336144272 0.30841634  0.306335912 0.303438054 0.28564054  0.278620933 0.258235902 0.257162357 0.268157512 0.280774027 0.25757234  0.270125784 0.253350077 0.23098856  0.218278542 0.234945477 0.248100173 0.229201171 0.219595712
-1  -1  -1  -1  -1  -1  -1  -1  -1  -1  -1  -1  -1  -1  -1  -1  -1  -1  -1  -1  -1  -1  -1  -1  -1  -1  -1  -1  -1  -1  -1  -1  -1  -1  -1  -1  -1  -1  -1  -1  -1  -1

# XwtNorth
-1  -1  -1  -1  -1  -1  -1  -1  -1  -1  -1  -1  -1  -1  -1  -1  -1  -1  -1  -1  -1  -1  -1  -1  -1  -1  -1  -1  -1  -1  -1  -1  -1  -1  -1  -1  -1  -1  -1  -1  -1  -1
-1  -1  -1  -1  -1  -1  -1  -1  -1  -1  -1  -1  -1  -1  -1  -1  -1  -1  -1  -1  -1  -1  -1  -1 0.1464 0.1430  0.1388  0.1183  0.1450  0.1469  0.1432  0.1366  0.1296  0.1117  0.1228  0.1290  0.1243  0.1196  0.1269  0.1314  0.1145  0.1170
-1  -1  -1  -1  -1  -1  -1  -1  -1  -1  -1  -1  -1  -1  -1  -1  -1  -1  -1  -1  -1  -1  -1  -1 0.1968  0.1859  0.1928  0.1713  0.1783  0.1806  0.1797  0.1746  0.1639  0.1440  0.1401  0.1411  0.1874  0.1497  0.1535  0.1464  0.1469  0.1315
-1  -1  -1  -1  -1  -1  -1  -1  -1  -1  -1  -1  -1  -1  -1  -1  -1  -1  -1  -1  -1  -1  -1  -1 0.2363  0.2360  0.2224  0.2177  0.2140  0.1962  0.2058  0.2048  0.1943  0.1743  0.1674  0.1728  0.1905  0.1813  0.1815  0.1747  0.1684  0.1579
-1  -1  -1  -1  -1  -1  -1  -1  -1  -1  -1  -1  -1  -1  -1  -1  -1  -1  -1  -1  -1  -1  -1  -1 0.2647  0.2628  0.2588  0.2496  0.2480  0.2280  0.2342  0.2363  0.2190  0.2068  0.1971  0.1909  0.2087  0.2025  0.2106  0.2046  0.1907  0.1837
-1  -1  -1  -1  -1  -1  -1  -1  -1  -1  -1  -1  -1  -1  -1  -1  -1  -1  -1  -1  -1  -1  -1  -1 0.2987  0.2907  0.2783  0.2624  0.2629  0.2605  0.2543  0.2658  0.2566  0.2298  0.2234  0.2200  0.2272  0.2308  0.2253  0.2257  0.2049  0.2108
-1  -1  -1  -1  -1  -1  -1  -1  -1  -1  -1  -1  -1  -1  -1  -1  -1  -1  -1  -1  -1  -1  -1  -1 0.3232  0.3134  0.3106  0.2962  0.2975  0.2784  0.2754  0.2855  0.2660  0.2619  0.2346  0.2376  0.2459  0.2441  0.2429  0.2315  0.2354  0.2298
-1  -1  -1  -1  -1  -1  -1  -1  -1  -1  -1  -1  -1  -1  -1  -1  -1  -1  -1  -1  -1  -1  -1  -1 0.3402  0.3422  0.3291  0.3075  0.3136  0.3013  0.2875  0.3082  0.2853  0.2739  0.2596  0.2482  0.2615  0.2692  0.2553  0.2516  0.2467  0.2385
-1  -1  -1  -1  -1  -1  -1  -1  -1  -1  -1  -1  -1  -1  -1  -1  -1  -1  -1  -1  -1  -1  -1  -1  -1  -1  -1  -1  -1  -1  -1  -1  -1  -1  -1  -1  -1  -1  -1  -1  -1  -1
-1  -1  -1  -1  -1  -1  -1  -1  -1  -1  -1  -1  -1  -1  -1  -1  -1  -1  -1  -1  -1  -1  -1  -1  -1  -1  -1  -1  -1  -1  -1  -1  -1  -1  -1  -1  -1  -1  -1  -1  -1  -1

# XwtMiddle
-1  -1  -1  -1  -1  -1  -1  -1  -1  -1  -1  -1  -1  -1  -1  -1  -1  -1  -1  -1  -1  -1  -1  -1  -1  -1  -1  -1  -1  -1  -1  -1  -1  -1  -1  -1  -1  -1  -1  -1  -1  -1
-1  -1  -1  -1  -1  -1  -1  -1  -1  -1  -1  -1  -1  -1  -1  -1  -1  -1  -1  -1  -1  -1  -1  -1 0.1780 0.1397  0.1329  0.1290  0.1430  0.1390  0.1373  0.1248  0.1281  0.1134  0.1055  0.1203  0.0000  0.1079  0.1208  0.1440  0.1186  0.1158
-1  -1  -1  -1  -1  -1  -1  -1  -1  -1  -1  -1  -1  -1  -1  -1  -1  -1  -1  -1  -1  -1  -1  -1 0.2091  0.1865  0.1867  0.1695  0.1794  0.1722  0.1763  0.1660  0.1586  0.1403  0.1355  0.1347  0.1437  0.1382  0.1516  0.1498  0.1456  0.1421
-1  -1  -1  -1  -1  -1  -1  -1  -1  -1  -1  -1  -1  -1  -1  -1  -1  -1  -1  -1  -1  -1  -1  -1 0.2467  0.2257  0.2203  0.2125  0.2087  0.1975  0.2036  0.2002  0.1882  0.1742  0.1598  0.1644  0.1726  0.1655  0.1869  0.1705  0.1643  0.1496
-1  -1  -1  -1  -1  -1  -1  -1  -1  -1  -1  -1  -1  -1  -1  -1  -1  -1  -1  -1  -1  -1  -1  -1 0.2665  0.2589  0.2550  0.2411  0.2419  0.2289  0.2274  0.2266  0.2127  0.2009  0.1968  0.1913  0.1941  0.1979  0.2190  0.1968  0.1912  0.1819
-1  -1  -1  -1  -1  -1  -1  -1  -1  -1  -1  -1  -1  -1  -1  -1  -1  -1  -1  -1  -1  -1  -1  -1 0.3041  0.2810  0.2786  0.2702  0.2617  0.2533  0.2480  0.2558  0.2431  0.2163  0.2162  0.2123  0.2124  0.2305  0.2357  0.2129  0.2223  0.2018
-1  -1  -1  -1  -1  -1  -1  -1  -1  -1  -1  -1  -1  -1  -1  -1  -1  -1  -1  -1  -1  -1  -1  -1 0.3191  0.3093  0.3029  0.2911  0.2872  0.2706  0.2653  0.2702  0.2579  0.2418  0.2331  0.2267  0.2327  0.2417  0.2589  0.2309  0.2353  0.2232
-1  -1  -1  -1  -1  -1  -1  -1  -1  -1  -1  -1  -1  -1  -1  -1  -1  -1  -1  -1  -1  -1  -1  -1 0.3397  0.3284  0.3258  0.3076  0.3129  0.2985  0.2814  0.2902  0.2710  0.2544  0.2628  0.2413  0.2421  0.2491  0.2545  0.2530  0.2525  0.2402
-1  -1  -1  -1  -1  -1  -1  -1  -1  -1  -1  -1  -1  -1  -1  -1  -1  -1  -1  -1  -1  -1  -1  -1  -1  -1  -1  -1  -1  -1  -1  -1  -1  -1  -1  -1  -1  -1  -1  -1  -1  -1
-1  -1  -1  -1  -1  -1  -1  -1  -1  -1  -1  -1  -1  -1  -1  -1  -1  -1  -1  -1  -1  -1  -1  -1  -1  -1  -1  -1  -1  -1  -1  -1  -1  -1  -1  -1  -1  -1  -1  -1  -1  -1

# XwtSouth
-1  -1  -1  -1  -1  -1  -1  -1  -1  -1  -1  -1  -1  -1  -1  -1  -1  -1  -1  -1  -1  -1  -1  -1  -1  -1  -1  -1  -1  -1  -1  -1  -1  -1  -1  -1  -1  -1  -1  -1  -1  -1
-1  -1  -1  -1  -1  -1  -1  -1  -1  -1  -1  -1  -1  -1  -1  -1  -1  -1  -1  -1  -1  -1  -1  -1 0.1209  0.1335  0.1280  0.1169  0.1184  0.1224  0.1168  0.1213  0.1112  0.0993  0.0905  0.1082  0.1150  0.1213  0.1067  0.1304  0.1180  0.1020
-1  -1  -1  -1  -1  -1  -1  -1  -1  -1  -1  -1  -1  -1  -1  -1  -1  -1  -1  -1  -1  -1  -1  -1 0.1891  0.1802  0.1777  0.1645  0.1616  0.1591  0.1547  0.1541  0.1376  0.1196  0.1227  0.1342  0.1482  0.1335  0.1334  0.1363  0.1248  0.1179
-1  -1  -1  -1  -1  -1  -1  -1  -1  -1  -1  -1  -1  -1  -1  -1  -1  -1  -1  -1  -1  -1  -1  -1 0.2216  0.2214  0.2212  0.2048  0.1944  0.1880  0.1830  0.1907  0.1899  0.1566  0.1439  0.1612  0.1628  0.1593  0.1742  0.1563  0.1428  0.1275
-1  -1  -1  -1  -1  -1  -1  -1  -1  -1  -1  -1  -1  -1  -1  -1  -1  -1  -1  -1  -1  -1  -1  -1 0.2522  0.2532  0.2458  0.2270  0.2249  0.2113  0.2121  0.2266  0.2011  0.1952  0.1737  0.1809  0.1998  0.1818  0.1980  0.1980  0.1679  0.1805
-1  -1  -1  -1  -1  -1  -1  -1  -1  -1  -1  -1  -1  -1  -1  -1  -1  -1  -1  -1  -1  -1  -1  -1 0.2790  0.2784  0.2689  0.2507  0.2472  0.2414  0.2315  0.2440  0.2400  0.2134  0.2131  0.2042  0.2032  0.2025  0.2152  0.2092  0.1990  0.1921
-1  -1  -1  -1  -1  -1  -1  -1  -1  -1  -1  -1  -1  -1  -1  -1  -1  -1  -1  -1  -1  -1  -1  -1 0.3070  0.3007  0.2911  0.2803  0.2713  0.2550  0.2545  0.2709  0.2491  0.2600  0.2183  0.2266  0.2231  0.2272  0.2344  0.2304  0.2150  0.2202
-1  -1  -1  -1  -1  -1  -1  -1  -1  -1  -1  -1  -1  -1  -1  -1  -1  -1  -1  -1  -1  -1  -1  -1 0.3135  0.3168  0.3098  0.2992  0.2950  0.2747  0.2654  0.2736  0.2617  0.2595  0.2410  0.2366  0.2461  0.2456  0.2327  0.2328  0.2257  0.2317
-1  -1  -1  -1  -1  -1  -1  -1  -1  -1  -1  -1  -1  -1  -1  -1  -1  -1  -1  -1  -1  -1  -1  -1  -1  -1  -1  -1  -1  -1  -1  -1  -1  -1  -1  -1  -1  -1  -1  -1  -1  -1
-1  -1  -1  -1  -1  -1  -1  -1  -1  -1  -1  -1  -1  -1  -1  -1  -1  -1  -1  -1  -1  -1  -1  -1  -1  -1  -1  -1  -1  -1  -1  -1  -1  -1  -1  -1  -1  -1  -1  -1  -1  -1

## ACwt  acoustic survey WAA ages 2 3 yrs 1994 to 2016 17 39 iyrs
# Awt
-1 -1 -1 -1 -1 -1 -1 -1 -1 -1 -1 -1 -1 -1 -1 -1  0.073	0.065	0.076	0.064	0.073	0.069	0.073	0.072	0.071	0.075	0.074	0.077	0.082	0.077	0.076	0.080	0.071	0.070	0.067	0.076	0.061	0.060	0.070 0.0748 0.0446 0.0623
-1 -1 -1 -1 -1 -1 -1 -1 -1 -1 -1 -1 -1 -1 -1 -1  0.122	0.114	0.122	0.133	0.115	0.121	0.136	0.124	0.124	0.124	0.121	0.123	0.118	0.120	0.124	0.111	0.105	0.094	0.101	0.110	0.104	0.102	0.098 0.1 0.0693 0.0949
-1  -1  -1  -1  -1  -1  -1  -1  -1  -1  -1  -1  -1  -1  -1  -1  -1  -1  -1  -1  -1  -1  -1  -1  -1  -1  -1  -1  -1  -1  -1  -1  -1  -1  -1  -1  -1  -1  -1  -1  -1  -1
-1  -1  -1  -1  -1  -1  -1  -1  -1  -1  -1  -1  -1  -1  -1  -1  -1  -1  -1  -1  -1  -1  -1  -1  -1  -1  -1  -1  -1  -1  -1  -1  -1  -1  -1  -1  -1  -1  -1  -1  -1  -1
-1  -1  -1  -1  -1  -1  -1  -1  -1  -1  -1  -1  -1  -1  -1  -1  -1  -1  -1  -1  -1  -1  -1  -1  -1  -1  -1  -1  -1  -1  -1  -1  -1  -1  -1  -1  -1  -1  -1  -1  -1  -1
-1  -1  -1  -1  -1  -1  -1  -1  -1  -1  -1  -1  -1  -1  -1  -1  -1  -1  -1  -1  -1  -1  -1  -1  -1  -1  -1  -1  -1  -1  -1  -1  -1  -1  -1  -1  -1  -1  -1  -1  -1  -1
-1  -1  -1  -1  -1  -1  -1  -1  -1  -1  -1  -1  -1  -1  -1  -1  -1  -1  -1  -1  -1  -1  -1  -1  -1  -1  -1  -1  -1  -1  -1  -1  -1  -1  -1  -1  -1  -1  -1  -1  -1  -1
-1  -1  -1  -1  -1  -1  -1  -1  -1  -1  -1  -1  -1  -1  -1  -1  -1  -1  -1  -1  -1  -1  -1  -1  -1  -1  -1  -1  -1  -1  -1  -1  -1  -1  -1  -1  -1  -1  -1  -1  -1  -1
-1  -1  -1  -1  -1  -1  -1  -1  -1  -1  -1  -1  -1  -1  -1  -1  -1  -1  -1  -1  -1  -1  -1  -1  -1  -1  -1  -1  -1  -1  -1  -1  -1  -1  -1  -1  -1  -1  -1  -1  -1  -1
-1  -1  -1  -1  -1  -1  -1  -1  -1  -1  -1  -1  -1  -1  -1  -1  -1  -1  -1  -1  -1  -1  -1  -1  -1  -1  -1  -1  -1  -1  -1  -1  -1  -1  -1  -1  -1  -1  -1  -1  -1  -1

# RVwt
-1  -1  -1  -1  -1  -1  -1  -1  -1  -1  -1  -1  -1  -1  -1  -1  -1  -1  -1  -1  -1  -1  -1  -1  -1  -1  -1  -1  -1  -1  -1  -1  -1  -1  -1  -1  -1  -1  -1  -1  -1  -1
-1  -1  -1  -1  -1  -1  -1  -1  -1  -1  -1  -1  -1  -1  -1  -1  -1  -1  -1  -1  -1  -1  -1  -1  -1  -1  -1  -1  -1  -1  -1  -1  -1  -1  -1  -1  -1  -1  -1  -1  -1  -1
-1  -1  -1  -1  -1  -1  -1  -1  -1  -1  -1  -1  -1  -1  -1  -1  0.1506  0.1507  0.1383  0.1568  0.1566  0.1604  0.1569  0.1570  0.1642  0.1565  0.1542  0.1473  0.1505  0.1467  0.1441  0.1368  0.1238  0.1115  0.1148  0.1130  0.1164  0.1165  0.1165  0.1184  0.1082  0.1005
-1  -1  -1  -1  -1  -1  -1  -1  -1  -1  -1  -1  -1  -1  -1  -1  0.1731  0.1735  0.1670  0.2053  0.1906  0.2022  0.2041  0.1849  0.1922  0.1966  0.1866  0.1816  0.1767  0.1673  0.1716  0.1598  0.1459  0.1431  0.1330  0.1402  0.1337  0.1450  0.1492  0.1437  0.1258  0.1154
-1  -1  -1  -1  -1  -1  -1  -1  -1  -1  -1  -1  -1  -1  -1  -1  0.2213  0.2002  0.2022  0.2452  0.2401  0.2212  0.2421  0.2210  0.2215  0.2166  0.2155  0.2208  0.2073  0.2067  0.1909  0.1783  0.1699  0.1789  0.1575  0.1564  0.1705  0.1627  0.1687  0.1724  0.1516  0.1534
-1  -1  -1  -1  -1  -1  -1  -1  -1  -1  -1  -1  -1  -1  -1  -1  -1  -1  -1  -1  -1  -1  -1  -1  -1  -1  -1  -1  -1  -1  -1  -1  -1  -1  -1  -1  -1  -1  -1  -1  -1  -1
-1  -1  -1  -1  -1  -1  -1  -1  -1  -1  -1  -1  -1  -1  -1  -1  -1  -1  -1  -1  -1  -1  -1  -1  -1  -1  -1  -1  -1  -1  -1  -1  -1  -1  -1  -1  -1  -1  -1  -1  -1  -1
-1  -1  -1  -1  -1  -1  -1  -1  -1  -1  -1  -1  -1  -1  -1  -1  -1  -1  -1  -1  -1  -1  -1  -1  -1  -1  -1  -1  -1  -1  -1  -1  -1  -1  -1  -1  -1  -1  -1  -1  -1  -1
-1  -1  -1  -1  -1  -1  -1  -1  -1  -1  -1  -1  -1  -1  -1  -1  -1  -1  -1  -1  -1  -1  -1  -1  -1  -1  -1  -1  -1  -1  -1  -1  -1  -1  -1  -1  -1  -1  -1  -1  -1  -1
-1  -1  -1  -1  -1  -1  -1  -1  -1  -1  -1  -1  -1  -1  -1  -1  -1  -1  -1  -1  -1  -1  -1  -1  -1  -1  -1  -1  -1  -1  -1  -1  -1  -1  -1  -1  -1  -1  -1  -1  -1  -1

## matage 2 11+
# matAge
0        0        1        1        1        1        1        1        1        1


