## indices are biomass
# number of biomass indices
 3
# idxIndex  
 2 3 4 
# idxRelative
 1 1 1
# idxLikeWeight
 1 1 1
# fracYearSurvey  
0.663 0.663 0.723
0.663 0.663 0.723
0.748 0.748 0.748

## cpue - index=2
# ndx2yr
 9 42
# ndx2age
 4 10
## fishery cpue  pops 1-3 yrs 9 nT
# fisheryCpue
-1 -1 -1 -1 -1 -1 -1 -1 245.4778122 224.6671373 170.0565102 379.5341963 139.9114171 285.6162154 259.026678  214.8670929 199.7406978 150.1227737 127.2220364 165.9810844 111.9690657 132.626073  212.9337433 137.977076  159.2574431 157.4473025 128.6579788 230.0080073 58.44908964 135.7067113 66.08639178 102.9881872 92.29086849 74.85426975 106.80961 134.9911033 242.5604483 344.0677546 187.8535911 164.6023225 193.9295894 218.4218686
-1 -1 -1 -1 -1 -1 -1 -1 164.9958723 194.8346061 86.99854256 49.0152255  66.18075795 109.3625  102.7179353 129.8969076 96.07826525 130.753727  130.4701663 155.2549536 68.27483602 104.2280027 195.5403702 153.4284255 133.5895656 118.4055161 204.6714736 214.3008504 239.0297573 302.7437474 200.7165774 157.8743872 77.9924517  92.28376099 106.2667387 173.4852742 70.47174038 258.7178293 326.1196372 92.06811316 204.0295285 135.4443548
-1 -1 -1 -1 -1 -1 -1 -1   284.4452254 202.3329372 207.0990442 522.4971953 414.5503647 326.0443387 354.1735096 262.0383299 247.526465  132.0443506 177.8886218 371.8335381 163.6170801 258.5940815 236.3211194 331.3496361 331.0935509 367.8646785 289.4513693 442.7327424 496.9839866 626.5539199 307.1352685 364.3522069 380.006864  287.1153059 105.2768289 220.2308858 239.7921139 228.0393681 45.9802161  83.39563364 54.85581141 208.5545919

## experimental nets - index=3 - age and year ranges differ by population
# ndx3yr1
 25 26 25
# ndx3yrT
 40 40 40
# ndx3age1
 3 3 3
# ndx3ageT
 9 10 10
## ex nets  pops 1-3, yrs 25 nT, Middle yr 25 is -1
# exNets
-1 -1 -1 -1 -1 -1 -1 -1 -1 -1 -1 -1 -1 -1 -1 -1 -1 -1 -1 -1 -1 -1 -1 -1  22.7     8.0     7.6     8.0    19.2    -1.0    37.7    38.6    32.3    21.9    -1.0    42.6    -1.0    28.6    30.4    14.4 -1 -1
-1 -1 -1 -1 -1 -1 -1 -1 -1 -1 -1 -1 -1 -1 -1 -1 -1 -1 -1 -1 -1 -1 -1 -1  -1.0    45.6    44.1    44.2    34.4    15.4    63.0   114.1    -1.0    31.9    27.0    54.6    13.7    61.4    45.2    15.8 -1 -1
-1 -1 -1 -1 -1 -1 -1 -1 -1 -1 -1 -1 -1 -1 -1 -1 -1 -1 -1 -1 -1 -1 -1 -1  19.2    35.0    20.6    17.3    38.6    24.7    18.9    20.1     6.0    20.5     5.3    12.0    20.7    39.1    65.5    35.7 -1 -1

## acoustic - index=4
# ndx4yr
 17 39
# ndx4age
 2 3
## ac 17 nT-1
# acou
-1  -1  -1  -1  -1  -1  -1  -1  -1  -1  -1  -1  -1  -1  -1  -1 697.184278  3540.962569 51658.73787 66181.57526 28186.65212 43605.86959 25795.76465 62636.67754 26981.00373 56211.03941 15775.43781 21452.33092 76239.49327 48025.1712  31743.06711 27114.23043 18723.78159 6031.606322 29121.09239 2471.319806 16366.68241 49309.47953 6590.163896 5679.949503 2475.957216 2541.674451

# rv
-1  -1  -1  -1  -1  -1  -1  -1  -1  -1  -1  -1  -1  -1  -1  -1 13186.6795  13608.26395 1087.28371  10018.71161 5772.073413 2861.746778 11333.85726 11404.52791 26865.79908 12359.46406 11237.70035 18616.16504 4239.302426 7343.014339 4458.548729 7699.840684 24696.55671 22211.19675 48803.9276  14540.96049 16691.9983  10104.15721 7538.744447 4206.889902 2323.796458 408.4635518

